District_code,Statename,Districtname,Population,Male,Female,Literate,Male_Literate,Female_Literate,SC,Male_SC,Female_SC,ST,Male_ST,Female_ST,Workers,Male_Workers,Female_Workers,Main_Workers,Marginal_Workers,Non_Workers,Cultivator_Workers,Agricultural_Workers,Household_Workers,Other_Workers
1,JAMMU AND KASHMIR,Kupwara,870354,474190,396164,439654,282823,156831,1048,1046,2,70352,36913,33439,229064,190899,38165,123837,105227,641290,34680,56759,7946,129679
2,JAMMU AND KASHMIR,Badgam,753745,398041,355704,335649,207741,127908,368,343,25,23912,12383,11529,214866,162578,52288,132003,82863,538879,55299,36630,29102,93835
3,JAMMU AND KASHMIR,Leh(Ladakh),133487,78971,54516,93770,62834,30936,488,444,44,95857,47543,48314,75079,53265,21814,57125,17954,58408,20869,1645,1020,51545
4,JAMMU AND KASHMIR,Kargil,140802,77785,63017,86236,56301,29935,18,12,6,122336,62652,59684,51873,39839,12034,28941,22932,88929,8266,3763,1222,38622
5,JAMMU AND KASHMIR,Punch,476835,251899,224936,261724,163333,98391,556,406,150,176101,90274,85827,161393,117677,43716,73247,88146,315442,54264,31583,3930,71616
6,JAMMU AND KASHMIR,Rajouri,642415,345351,297064,364109,224469,139640,48157,25170,22987,232815,121374,111441,290912,184752,106160,130377,160535,351503,136527,24016,4656,125713
7,JAMMU AND KASHMIR,Kathua,616435,326109,290326,389204,228499,160705,141224,74644,66580,53307,27693,25614,200431,161548,38883,142847,57584,416004,69533,21566,3952,105380
8,JAMMU AND KASHMIR,Baramula,1008039,534733,473306,545149,337170,207979,1476,1451,25,37705,20237,17468,304200,249581,54619,187959,116241,703839,57495,62246,15084,169375
9,JAMMU AND KASHMIR,Bandipore,392232,207680,184552,185979,117058,68921,392,375,17,75374,39398,35976,149317,101380,47937,75173,74144,242915,28232,32882,20484,67719
10,JAMMU AND KASHMIR,Srinagar,1236829,651124,585705,748584,431746,316838,1068,995,73,8935,5021,3914,407188,333151,74037,330547,76641,829641,12228,10408,20095,364457
11,JAMMU AND KASHMIR,Ganderbal,297446,158720,138726,143276,90581,52695,117,105,12,61070,32554,28516,100890,73305,27585,52949,47941,196556,15337,19312,7630,58611
12,JAMMU AND KASHMIR,Pulwama,560440,293064,267376,293958,178326,115632,402,397,5,22607,11837,10770,188420,138428,49992,98306,90114,372020,49746,34080,10615,93979
13,JAMMU AND KASHMIR,Shupiyan,266215,136480,129735,136500,80355,56145,43,43,0,21820,11311,10509,87721,63931,23790,54703,33018,178494,47424,10835,3395,26067
14,JAMMU AND KASHMIR,Anantnag,1078692,559767,518925,545532,324417,221115,1826,1811,15,116006,60990,55016,389684,244032,145652,176800,212884,689008,140957,76364,16322,156041
15,JAMMU AND KASHMIR,Kulgam,424483,217620,206863,209085,125052,84033,21,11,10,26525,13888,12637,159990,102317,57673,77812,82178,264493,69173,29928,6193,54696
16,JAMMU AND KASHMIR,Doda,409936,213641,196295,219083,138620,80463,53408,27209,26199,39216,20377,18839,151912,101144,50768,79377,72535,258024,69947,12199,1932,67834
17,JAMMU AND KASHMIR,Ramban,283713,149132,134581,124065,82938,41127,13920,7168,6752,39772,20940,18832,87212,68476,18736,52051,35161,196501,41394,8810,2538,34470
18,JAMMU AND KASHMIR,Kishtwar,230696,120165,110531,107506,68700,38806,14307,7322,6985,38149,19889,18260,82974,56779,26195,44718,38256,147722,39271,16296,1186,26221
19,JAMMU AND KASHMIR,Udhampur,554985,296784,258201,322354,197543,124811,138569,72093,66476,56309,29142,27167,243672,163845,79827,152442,91230,311313,113020,11396,2641,116615
20,JAMMU AND KASHMIR,Reasi,314667,166461,148206,150542,93937,56605,37757,19657,18100,88365,46330,42035,144767,88755,56012,88462,56305,169900,96147,4009,534,44077
21,JAMMU AND KASHMIR,Jammu,1529958,813821,716137,1137135,641916,495219,377991,197610,180381,69193,36323,32870,508622,417456,91166,410344,98278,1021336,68613,36873,10589,392547
22,JAMMU AND KASHMIR,Samba,318898,169124,149774,228139,130312,97827,91835,47920,43915,17573,9188,8385,92526,81952,10574,74129,18397,226372,16894,6105,1520,68007
23,HIMACHAL PRADESH,Chamba,519080,261320,257760,323842,186064,137778,111690,56154,55536,135500,67900,67600,294035,158791,135244,119632,174403,225045,196665,9193,4521,83656
24,HIMACHAL PRADESH,Kangra,1510075,750591,759484,1152640,606443,546197,319385,159697,159688,84564,41745,42819,675170,403756,271414,313915,361255,834905,303007,54849,15662,301652
25,HIMACHAL PRADESH,Lahul AND Spiti,31564,16588,14976,21845,12897,8948,2235,1154,1081,25707,12748,12959,19295,10763,8532,15190,4105,12269,11227,572,167,7329
26,HIMACHAL PRADESH,Kullu,437903,225452,212451,307672,174550,133122,122659,62686,59973,16822,8493,8329,269084,148829,120255,193876,75208,168819,197141,12372,2707,56864
27,HIMACHAL PRADESH,Mandi,999777,498065,501712,723747,393669,330078,293739,147250,146489,12787,6345,6442,572671,297464,275207,284154,288517,427106,387944,15822,7134,161771
28,HIMACHAL PRADESH,Hamirpur,454768,217070,237698,358091,180555,177536,109256,53727,55529,3044,1531,1513,241931,118724,123207,126153,115778,212837,147103,8824,3347,82657
29,HIMACHAL PRADESH,Una,521173,263692,257481,399715,213281,186434,115491,58601,56890,8601,4445,4156,215346,141612,73734,134482,80864,305827,84800,19604,3427,107515
30,HIMACHAL PRADESH,Bilaspur,381956,192764,189192,287620,155599,132021,98989,50271,48718,10693,5485,5208,205871,111543,94328,103406,102465,176085,127169,4138,2561,72003
31,HIMACHAL PRADESH,Solan,580320,308754,271566,428578,244372,184206,164536,85482,79054,25645,13351,12294,298737,190001,108736,219235,79502,281583,141267,10283,4969,142218
32,HIMACHAL PRADESH,Sirmaur,529855,276289,253566,362645,205617,157028,160745,83017,77728,11262,5912,5350,280083,169399,110684,193906,86177,249772,182958,10730,5313,81082
33,HIMACHAL PRADESH,Shimla,814010,425039,388971,612642,342846,269796,215777,110828,104949,8755,4554,4201,430926,258628,172298,311770,119156,383084,249786,26114,7967,147059
34,HIMACHAL PRADESH,Kinnaur,84121,46249,37872,60699,36697,24002,14750,7433,7317,48746,23609,25137,56273,33863,22410,46782,9491,27848,32995,2537,944,19797
35,PUNJAB,Gurdaspur,2298323,1212617,1085706,1634719,907660,727059,580576,304894,275682,0,0,0,757138,637652,119486,625778,131360,1541185,147912,100684,30903,477639
36,PUNJAB,Kapurthala,815168,426311,388857,576567,316254,260313,276707,143901,132806,0,0,0,284165,235562,48603,248208,35957,531003,55252,42387,9861,176665
37,PUNJAB,Jalandhar,2193590,1145211,1048379,1622537,882581,739956,854444,442124,412320,0,0,0,774472,639484,134988,689592,84880,1419118,85695,66664,29762,592351
38,PUNJAB,Hoshiarpur,1586625,809057,777568,1199699,637927,561772,557504,284322,273182,0,0,0,499822,412506,87316,411011,88811,1086803,89772,74362,15990,319698
39,PUNJAB,Shahid Bhagat Singh Nagar,612310,313291,299019,438459,239155,199304,260284,133035,127249,0,0,0,204329,170252,34077,173507,30822,407981,42608,22626,9011,130084
40,PUNJAB,Fatehgarh Sahib,600163,320795,279368,426033,238696,187337,192493,101882,90611,0,0,0,214783,182777,32006,192845,21938,385380,44245,21389,8048,141101
41,PUNJAB,Ludhiana,3498739,1867816,1630923,2560225,1428348,1131877,923358,487839,435519,0,0,0,1284822,1053600,231222,1138654,146168,2213917,140737,98646,71667,973772
42,PUNJAB,Moga,995746,525920,469826,627889,348549,279340,363417,192418,170999,0,0,0,359172,292379,66793,304880,54292,636574,91622,82397,18098,167055
43,PUNJAB,Firozpur,2029074,1071637,957437,1227511,707070,520441,855726,445461,410265,0,0,0,756695,596406,160289,618362,138333,1272379,191685,227971,14679,322360
44,PUNJAB,Muktsar,901896,475622,426274,524848,300401,224447,381554,200473,181081,0,0,0,335326,272699,62627,287205,48121,566570,86565,111014,5187,132560
45,PUNJAB,Faridkot,617508,326671,290837,381285,215767,165518,240328,126567,113761,0,0,0,221555,185049,36506,190415,31140,395953,53230,54058,8225,106042
46,PUNJAB,Bathinda,1388525,743197,645328,844868,488261,356607,450473,236936,213537,0,0,0,549986,432988,116998,452678,97308,838539,141535,128382,14938,265131
47,PUNJAB,Mansa,769751,408732,361019,423560,244037,179523,258878,136311,122567,0,0,0,328512,230739,97773,247175,81337,441239,105963,90367,13442,118740
48,PUNJAB,Patiala,1895686,1002522,893164,1266791,711052,555739,465359,244503,220856,0,0,0,660267,549661,110606,570391,89876,1235419,113182,89123,23647,434315
49,PUNJAB,Amritsar,2490656,1318408,1172248,1684770,932981,751789,770864,405977,364887,0,0,0,917856,735195,182661,787254,130602,1572800,124617,121599,41642,629998
50,PUNJAB,Tarn Taran,1119627,589369,530258,666162,376427,289735,377468,198715,178753,0,0,0,380702,313639,67063,316310,64392,738925,115853,81216,21328,162305
51,PUNJAB,Rupnagar,684627,357485,327142,502731,278534,224197,180905,94334,86571,0,0,0,233676,186910,46766,194209,39467,450951,45640,21520,12321,154195
52,PUNJAB,Sahibzada Ajit Singh Nagar,994628,529253,465375,736575,409944,326631,216231,114383,101848,0,0,0,355995,283367,72628,316236,39759,638633,40867,21791,13501,279836
53,PUNJAB,Sangrur,1655169,878029,777140,1002077,570413,431664,461609,244231,217378,0,0,0,568758,485129,83629,499792,68966,1086411,157191,91799,18578,301190
54,PUNJAB,Barnala,595527,317522,278005,359831,201999,157832,192001,101569,90432,0,0,0,209331,178163,31168,186434,22897,386196,60340,40460,5132,103399
55,CHANDIGARH,Chandigarh,1055450,580663,474787,805438,465346,340092,199086,106356,92730,0,0,0,404136,328159,75977,385929,18207,651314,2578,1687,4799,395072
56,UTTARAKHAND,Uttarkashi,330086,168597,161489,215126,128237,86889,80567,40833,39734,3512,1651,1861,157276,84265,73011,128367,28909,172810,117264,4387,3122,32503
57,UTTARAKHAND,Chamoli,391605,193991,197614,280556,155395,125161,79317,39718,39599,12260,6021,6239,180940,93832,87108,115115,65825,210665,121157,3845,5384,50554
58,UTTARAKHAND,Rudraprayag,242285,114589,127696,170933,91803,79130,47679,23585,24094,386,217,169,113032,52339,60693,78950,34082,129253,83155,3200,2112,24565
59,UTTARAKHAND,Tehri Garhwal,618931,297986,320945,407994,227406,180588,102130,50371,51759,875,459,416,280442,140821,139621,165912,114530,338489,187121,8129,4021,81171
60,UTTARAKHAND,Dehradun,1696694,892199,804495,1259506,702216,557290,228901,120430,108471,111663,58264,53399,582768,458834,123934,488161,94607,1113926,77176,38195,22992,444405
61,UTTARAKHAND,Garhwal,687271,326829,360442,494889,262148,232741,122361,59842,62519,2215,1174,1041,274152,147373,126779,164439,109713,413119,150607,13715,5635,104195
62,UTTARAKHAND,Pithoragarh,483439,239306,244133,345550,189623,155927,120378,60111,60267,19535,9558,9977,216490,113539,102951,145481,71009,266949,137332,5432,6055,67671
63,UTTARAKHAND,Bageshwar,259898,124326,135572,179483,97546,81937,72061,35623,36438,1982,971,1011,123638,58708,64930,78085,45553,136260,85125,8985,2991,26537
64,UTTARAKHAND,Almora,622506,291081,331425,436497,231604,204893,150995,72695,78300,1281,633,648,298211,142460,155751,201078,97133,324295,207617,10274,4312,76008
65,UTTARAKHAND,Champawat,259648,131125,128523,177726,102015,75711,47383,24188,23195,1339,777,562,99566,60427,39139,62698,36868,160082,59993,4032,1570,33971
66,UTTARAKHAND,Nainital,954605,493666,460939,696500,385779,310721,191206,98824,92382,7495,3801,3694,376181,256935,119246,296424,79757,578424,137530,34742,9767,194142
67,UTTARAKHAND,Udham Singh Nagar,1648902,858783,790119,1037839,598525,439314,238264,124385,113879,123037,61758,61279,591458,444578,146880,450762,140696,1057444,122686,165250,26396,277126
68,UTTARAKHAND,Hardwar,1890422,1005295,885127,1178354,691411,486943,411274,217981,193293,6323,3385,2938,578121,497810,80311,495152,82969,1312301,93660,103115,19955,361391
69,HARYANA,Panchkula,561293,299679,261614,405318,229862,175456,101830,53868,47962,0,0,0,211479,164865,46614,182831,28648,349814,26682,12827,9870,162100
70,HARYANA,Ambala,1128350,598703,529647,818025,461288,356737,296246,156874,139372,0,0,0,372139,320120,52019,319475,52664,756211,52871,57293,15753,246222
71,HARYANA,Yamunanagar,1214205,646718,567487,832457,474793,357664,306743,163200,143543,0,0,0,389233,342343,46890,339024,50209,824972,61516,73251,12287,242179
72,HARYANA,Kurukshetra,964655,510976,453679,646893,370828,276065,215128,113311,101817,0,0,0,336780,268556,68224,285904,50876,627875,68908,85890,6726,175256
73,HARYANA,Kaithal,1074304,571003,503301,646529,385782,260747,247513,131486,116027,0,0,0,373899,292696,81203,290663,83236,700405,128016,85651,9450,150782
74,HARYANA,Karnal,1505324,797712,707612,978013,564516,413497,339604,179681,159923,0,0,0,516062,411646,104416,411533,104529,989262,112288,133723,15311,254740
75,HARYANA,Panipat,1205437,646857,558580,786599,464136,322463,206213,109695,96518,0,0,0,412318,328667,83651,339016,73302,793119,72120,62358,15824,262016
76,HARYANA,Sonipat,1450001,781299,668702,998316,589881,408435,269935,144516,125419,0,0,0,523179,391085,132094,396763,126416,926822,142344,101733,18184,260918
77,HARYANA,Jind,1334152,713006,621146,832758,502049,330709,282351,150940,131411,0,0,0,523422,368277,155145,385851,137571,810730,230387,102071,9114,181850
78,HARYANA,Fatehabad,942011,495360,446651,557578,327471,230107,284357,149111,135246,0,0,0,369083,263498,105585,286258,82825,572928,132250,97997,6558,132278
79,HARYANA,Sirsa,1295189,682582,612607,782897,456968,325929,387381,202430,184951,0,0,0,502003,369462,132541,399169,102834,793186,164297,147042,11952,178712
80,HARYANA,Hisar,1743931,931562,812369,1114311,670200,444111,408785,217338,191447,0,0,0,691621,488321,203300,531227,160394,1052310,261120,144213,16097,270191
81,HARYANA,Bhiwani,1634445,866672,767773,1069871,643158,426713,341162,181475,159687,0,0,0,623006,430678,192328,445675,177331,1011439,288543,103788,14855,215820
82,HARYANA,Rohtak,1061204,568479,492725,747582,436025,311557,216889,115573,101316,0,0,0,345967,272646,73321,288949,57018,715237,95732,36568,8521,205146
83,HARYANA,Jhajjar,958405,514667,443738,676091,399480,276611,170448,90856,79592,0,0,0,326534,250020,76514,246457,80077,631871,112389,44845,9254,160046
84,HARYANA,Mahendragarh,922088,486665,435423,630255,380440,249815,156314,82420,73894,0,0,0,338584,232935,105649,212402,126182,583504,149146,38320,7639,143479
85,HARYANA,Rewari,900332,474335,425997,636947,375453,261494,182606,95571,87035,0,0,0,337727,235326,102401,250219,87508,562605,102698,28215,9782,197032
86,HARYANA,Gurgaon,1514432,816690,697742,1111116,638666,472450,197937,104332,93605,0,0,0,544716,432456,112260,487441,57275,969716,56046,27097,18228,443345
87,HARYANA,Mewat,1089263,571162,518101,454897,308435,146462,75251,39743,35508,0,0,0,289964,224642,65322,204178,85786,799299,104237,55278,6023,124426
88,HARYANA,Faridabad,1809733,966110,843623,1272739,734940,537799,223799,119495,104304,0,0,0,579229,476933,102296,495316,83913,1230504,27705,29288,32286,489950
89,HARYANA,Palwal,1042708,554497,488211,599796,379696,220100,203123,107741,95382,0,0,0,309563,241464,68099,216932,92631,733145,91506,60685,8566,148806
90,NCT OF DELHI,North West,3656539,1960922,1695617,2707855,1541952,1165903,697237,371546,325691,0,0,0,1188545,1022419,166126,1135126,53419,2467994,11433,13289,35896,1127927
91,NCT OF DELHI,North,887978,475002,412976,681517,381615,299902,165663,87007,78656,0,0,0,296446,257575,38871,283583,12863,591532,2187,1791,11028,281440
92,NCT OF DELHI,North East,2241624,1188425,1053199,1611588,912481,699107,373758,197059,176699,0,0,0,661386,594353,67033,622443,38943,1580238,2235,2406,30738,626007
93,NCT OF DELHI,East,1709346,907500,801846,1352998,748382,604616,281422,148019,133403,0,0,0,579692,486951,92741,555026,24666,1129654,1156,3094,19541,555901
94,NCT OF DELHI,New Delhi,142004,77942,64062,114179,65678,48501,33245,17885,15360,0,0,0,59541,46940,12601,56471,3070,82463,121,275,1030,58115
95,NCT OF DELHI,Central,582320,307821,274499,442360,240518,201842,143178,73782,69396,0,0,0,207374,177621,29753,195978,11396,374946,597,601,10902,195274
96,NCT OF DELHI,West,2543243,1356240,1187003,1961179,1093933,867246,376472,200098,176374,0,0,0,874320,732598,141722,839621,34699,1668923,2952,4358,29022,837988
97,NCT OF DELHI,South West,2292958,1246046,1046912,1787689,1025261,762428,318408,170205,148203,0,0,0,795352,667977,127375,749995,45357,1497606,9733,7753,18614,759252
98,NCT OF DELHI,South,2731929,1467428,1264501,2078402,1185036,893366,422926,223199,199727,0,0,0,924393,775592,148801,869086,55307,1807536,2984,5908,25081,890420
99,RAJASTHAN,Ganganagar,1969168,1043340,925828,1193343,710908,482435,720412,376734,343678,13477,7160,6317,912672,596320,316352,680563,232109,1056496,268297,230438,13790,400147
100,RAJASTHAN,Hanumangarh,1774692,931184,843508,1034136,624281,409855,494189,258352,235837,14289,7578,6711,835260,512802,322458,642109,193151,939432,370452,166833,13839,284136
101,RAJASTHAN,Bikaner,2363937,1240801,1123136,1278801,782399,496402,493646,259532,234114,7779,4207,3572,986208,640572,345636,752768,233440,1377729,499223,103833,26244,356908
102,RAJASTHAN,Churu,2039547,1051446,988101,1149269,696729,452540,451721,235113,216608,11245,5903,5342,902829,541404,361425,628381,274448,1136718,572644,87983,16594,225608
103,RAJASTHAN,Jhunjhunun,2137045,1095896,1041149,1370360,815834,554526,360709,185879,174830,41629,21380,20249,894649,541392,353257,592813,301836,1242396,521692,68878,13472,290607
104,RAJASTHAN,Alwar,3674179,1939026,1735153,2182476,1359829,822647,653036,342938,310098,289249,153397,135852,1708542,994171,714371,1179461,529081,1965637,898891,216772,34562,558317
105,RAJASTHAN,Bharatpur,2548462,1355726,1192736,1480869,943910,536959,557305,296293,261012,54090,28705,25385,1071154,647198,423956,694929,376225,1477308,500994,238894,25068,306198
106,RAJASTHAN,Dhaulpur,1206516,653647,552869,683098,435721,247377,245695,131875,113820,58594,31802,26792,523212,339110,184102,317617,205595,683304,229936,74342,12721,206213
107,RAJASTHAN,Karauli,1458248,783639,674609,805849,531904,273945,354465,189249,165216,324960,176200,148760,628726,371058,257668,438337,190389,829522,335302,115367,9521,168536
108,RAJASTHAN,Sawai Madhopur,1335551,704031,631520,741748,486184,255564,278789,146333,132456,285848,152745,133103,578068,343802,234266,418555,159513,757483,313358,88804,12070,163836
109,RAJASTHAN,Dausa,1634409,857787,776622,938051,596935,341116,354337,185349,168988,433344,228554,204790,684495,398151,286344,506214,178281,949914,390960,76277,17185,200073
110,RAJASTHAN,Jaipur,6626178,3468507,3157671,4300965,2554793,1746172,1003302,524831,478471,527966,276638,251328,2464893,1714947,749946,2060010,404883,4161285,744374,131523,91011,1497985
111,RAJASTHAN,Sikar,2677333,1374990,1302343,1652117,995275,656842,418806,216523,202283,75349,39098,36251,1006504,657854,348650,698711,307793,1670829,501311,87889,22776,394528
112,RAJASTHAN,Nagaur,3307743,1696325,1611418,1758624,1102750,655874,699911,360451,339460,10418,5475,4943,1425882,857031,568851,985927,439955,1881861,734614,263401,29647,398220
113,RAJASTHAN,Jodhpur,3687165,1923928,1763237,2031532,1265753,765779,608024,315199,292825,118924,61969,56955,1489741,965103,524638,1056479,433262,2197424,592370,242017,42412,612942
114,RAJASTHAN,Jaisalmer,669919,361708,308211,308653,210415,98238,99134,52776,46358,42429,22497,19932,288903,182565,106338,175383,113520,381016,132466,43872,6835,105730
115,RAJASTHAN,Barmer,2603751,1369022,1234729,1188322,783461,404861,436414,228431,207983,176257,92610,83647,1202482,696240,506242,741367,461115,1401269,754260,132696,30565,284961
116,RAJASTHAN,Jalor,1828730,936634,892096,829582,543923,285659,357196,185342,171854,178719,93290,85429,896644,494906,401738,660719,235925,932086,493355,158013,21867,223409
117,RAJASTHAN,Sirohi,1036346,534231,502115,476806,309900,166906,201863,104899,96964,292470,148966,143504,419829,272196,147633,313292,106537,616517,124080,97823,9443,188483
118,RAJASTHAN,Pali,2037573,1025422,1012151,1085693,667381,418312,398096,203328,194768,144578,74369,70209,842327,523077,319250,605288,237039,1195246,243491,237280,26119,335437
119,RAJASTHAN,Ajmer,2583052,1324085,1258967,1526673,926268,600405,478027,243750,234277,63482,32408,31074,1053722,686149,367573,827181,226541,1529330,298856,145523,35602,573741
120,RAJASTHAN,Tonk,1421326,728136,693190,749659,478329,271330,287903,148110,139793,178207,92677,85530,649161,371848,277313,495797,153364,772165,326083,113426,16004,193648
121,RAJASTHAN,Bundi,1110906,577160,533746,585044,371705,213339,210788,109333,101455,228549,119454,109095,526091,314806,211285,361070,165021,584815,250453,111388,11172,153078
122,RAJASTHAN,Bhilwara,2408523,1220736,1187787,1256126,777582,478544,407947,206332,201615,229273,117026,112247,1148165,674589,473576,883329,264836,1260358,555168,163052,30149,399796
123,RAJASTHAN,Rajsamand,1156597,581339,575258,619139,383334,235805,148168,74738,73430,160809,81173,79636,550831,319534,231297,362584,188247,605766,207582,106587,13505,223157
124,RAJASTHAN,Dungarpur,1388552,696532,692020,681591,415820,265771,52267,26543,25724,983437,491631,491806,641515,346624,294891,216411,425104,747037,227849,184330,12514,216822
125,RAJASTHAN,Banswara,1797485,907754,889731,829343,513854,315489,80091,40639,39452,1372999,690476,682523,916574,482236,434338,542983,373591,880911,546569,199370,19818,150817
126,RAJASTHAN,Chittaurgarh,1544338,783171,761167,821825,514851,306974,250224,126748,123476,201546,101893,99653,802755,456632,346123,656904,145851,741583,453201,123469,15435,210650
127,RAJASTHAN,Kota,1951014,1021161,929853,1298345,765396,532949,405408,211161,194247,183816,96428,87388,748811,534650,214161,577548,171263,1202203,140262,134992,25125,448432
128,RAJASTHAN,Baran,1222755,633945,588810,693307,432607,260700,221184,114969,106215,276857,143094,133763,552583,329754,222829,359785,192798,670172,216538,185037,15258,135750
129,RAJASTHAN,Jhalawar,1411129,725143,685986,739792,466815,272977,243582,125965,117617,182229,94185,88044,685950,402825,283125,475653,210297,725179,328714,209772,11199,136265
130,RAJASTHAN,Udaipur,3068420,1566801,1501619,1582629,973444,609185,188525,97094,91431,1525289,773213,752076,1365783,835839,529944,822355,543428,1702637,539106,302968,33535,490174
131,RAJASTHAN,Pratapgarh,867848,437744,430104,401515,250122,151393,60429,30755,29674,550427,276742,273685,481294,251691,229603,327445,153849,386554,306419,96815,5516,72544
132,UTTAR PRADESH,Saharanpur,3466382,1834106,1632276,2077108,1220114,856994,764450,407029,357421,980,517,463,1037344,911136,126208,882701,154643,2429038,221567,273050,34032,508695
133,UTTAR PRADESH,Muzaffarnagar,4143512,2193434,1950078,2417339,1448528,968811,561250,298587,262663,317,176,141,1291644,1081569,210075,1085491,206153,2851868,336049,323641,45952,586002
134,UTTAR PRADESH,Bijnor,3682713,1921215,1761498,2135393,1241471,893922,787444,413872,373572,3058,1588,1470,1088036,921497,166539,839778,248258,2594677,232158,311489,52549,491840
135,UTTAR PRADESH,Moradabad,4772006,2503186,2268820,2263848,1357435,906413,731406,385244,346162,685,377,308,1417811,1193439,224372,1104968,312843,3354195,368638,338384,88733,622056
136,UTTAR PRADESH,Rampur,2335819,1223889,1111930,1043666,630408,413258,307936,162844,145092,358,207,151,737261,609693,127568,564266,172995,1598558,214187,230238,54238,238598
137,UTTAR PRADESH,Jyotiba Phule Nagar,1840221,963449,876772,983110,600541,382569,318001,166662,151339,164,89,75,599089,459037,140052,453567,145522,1241132,217672,131877,31600,217940
138,UTTAR PRADESH,Meerut,3443689,1825743,1617946,2141488,1254520,886968,624149,334198,289951,3390,1828,1562,1090539,898810,191729,890810,199729,2353150,196068,153995,63096,677380
139,UTTAR PRADESH,Baghpat,1303048,700070,602978,797970,489858,308112,149060,79920,69140,14,10,4,416695,342604,74091,334519,82176,886353,124718,74500,20347,197130
140,UTTAR PRADESH,Ghaziabad,4681645,2488834,2192811,3123264,1811397,1311867,773463,412750,360713,3968,2104,1864,1520538,1231615,288923,1252911,267627,3161107,158868,123680,83672,1154318
141,UTTAR PRADESH,Gautam Buddha Nagar,1648115,890214,757901,1122947,666065,456882,216105,115438,100667,2215,1189,1026,569109,443384,125725,458492,110617,1079006,72668,48845,35400,412196
142,UTTAR PRADESH,Bulandshahr,3499171,1845260,1653911,2031656,1253314,778342,725600,384743,340857,198,118,80,1173260,897815,275445,885216,288044,2325911,332475,241137,65937,533711
143,UTTAR PRADESH,Aligarh,3673889,1951996,1721893,2092567,1283380,809187,755254,402483,352771,629,340,289,1174361,929337,245024,865799,308562,2499528,281501,267197,78566,547097
144,UTTAR PRADESH,Mahamaya Nagar,1564708,836127,728581,942572,579157,363415,387554,207170,180384,268,137,131,484115,398126,85989,337295,146820,1080593,124231,154720,32402,172762
145,UTTAR PRADESH,Mathura,2547184,1367125,1180059,1507746,943346,564400,506580,271295,235285,1520,826,694,840939,635142,205797,594799,246140,1706245,235886,179248,44453,381352
146,UTTAR PRADESH,Agra,4418797,2364953,2053844,2680510,1614594,1065916,991325,531641,459684,7255,3827,3428,1389844,1119701,270143,1050562,339282,3028953,285471,234455,94184,775734
147,UTTAR PRADESH,Firozabad,2498156,1332046,1166110,1521806,912314,609492,473890,253288,220602,2565,1346,1219,761521,621840,139681,573649,187872,1736635,184595,150221,59942,366763
148,UTTAR PRADESH,Mainpuri,1868529,993377,875152,1203885,712110,491775,368206,196507,171699,478,258,220,560840,466067,94773,424782,136058,1307689,270888,137174,24784,127994
149,UTTAR PRADESH,Budaun,3681896,1967759,1714137,1547477,986501,560976,622526,332920,289606,58,30,28,1107343,939616,167727,875763,231580,2574553,575903,258758,40122,232560
150,UTTAR PRADESH,Bareilly,4448359,2357665,2090694,2191759,1342697,849062,557150,295964,261186,3227,1664,1563,1401971,1153006,248965,1043912,358059,3046388,365985,326376,131699,577911
151,UTTAR PRADESH,Pilibhit,2031007,1072002,959005,1061095,654290,406805,333558,176436,157122,1714,892,822,618605,534939,83666,463415,155190,1412402,216476,224192,22782,155155
152,UTTAR PRADESH,Shahjahanpur,3006538,1606403,1400135,1490930,915142,575788,532673,285280,247393,508,259,249,892214,783313,108901,699503,192711,2114324,344973,275192,31141,240908
153,UTTAR PRADESH,Kheri,4021243,2123187,1898056,2034044,1237157,796887,1061782,559240,502542,53375,26984,26391,1264718,1058483,206235,958249,306469,2756525,529223,422142,47837,265516
154,UTTAR PRADESH,Sitapur,4483992,2375264,2108728,2283733,1397702,886031,1446427,767033,679394,1602,833,769,1422602,1171252,251350,1023642,398960,3061390,571097,473554,70971,306980
155,UTTAR PRADESH,Hardoi,4092845,2191442,1901403,2221601,1374587,847014,1274505,685223,589282,349,186,163,1318946,1091952,226994,969871,349075,2773899,596813,406830,59649,255654
156,UTTAR PRADESH,Unnao,3108367,1630087,1478280,1773584,1053063,720521,948588,494487,454101,2926,1558,1368,1124744,851014,273730,761831,362913,1983623,450123,332663,49243,292715
157,UTTAR PRADESH,Lucknow,4589838,2394476,2195362,3127260,1742440,1384820,948294,498799,449495,7506,4036,3470,1542806,1226399,316407,1152285,390521,3047032,175578,203029,99863,1064336
158,UTTAR PRADESH,Rae Bareli,3405559,1752542,1653017,1965843,1165965,799878,1030367,526735,503632,1756,876,880,1204710,867393,337317,644869,559841,2200849,316891,507882,60774,319163
159,UTTAR PRADESH,Farrukhabad,1885204,1006240,878964,1092677,654827,437850,312712,168009,144703,230,124,106,592267,494545,97722,474686,117581,1292937,245089,135679,43528,167971
160,UTTAR PRADESH,Kannauj,1656616,881776,774840,1017087,603596,413491,309980,166454,143526,15,9,6,524676,430934,93742,419027,105649,1131940,239350,129517,51330,104479
161,UTTAR PRADESH,Etawah,1581810,845856,735954,1062003,623583,438420,388283,208731,179552,169,89,80,506072,413713,92359,361588,144484,1075738,170827,158026,20803,156416
162,UTTAR PRADESH,Auraiya,1379545,740040,639505,930836,546198,384638,391622,211413,180209,150,91,59,442023,364543,77480,325721,116302,937522,166731,151727,12533,111032
163,UTTAR PRADESH,Kanpur Dehat,1796184,963255,832929,1170243,692964,477279,460544,248195,212349,801,398,403,628864,493991,134873,448651,180213,1167320,224986,234069,20783,149026
164,UTTAR PRADESH,Kanpur Nagar,4581268,2459806,2121462,3243022,1829179,1413843,816754,439603,377151,3753,2108,1645,1572232,1299871,272361,1229166,343066,3009036,198547,258790,68738,1046157
165,UTTAR PRADESH,Jalaun,1689974,906092,783882,1075196,653430,421766,468178,252588,215590,832,428,404,620764,470969,149795,420266,200498,1069210,196613,243035,26109,155007
166,UTTAR PRADESH,Jhansi,1998603,1057436,941167,1304513,783705,520808,562505,297386,265119,3873,2074,1799,814914,565357,249557,560041,254873,1183689,228881,248072,48648,289313
167,UTTAR PRADESH,Lalitpur,1221592,641011,580581,641191,397586,243605,240519,126325,114194,71610,36834,34776,503351,326783,176568,357033,146318,718241,267580,131354,14882,89535
168,UTTAR PRADESH,Hamirpur,1104285,593537,510748,653299,408125,245174,241198,130269,110929,474,259,215,443655,308527,135128,290375,153280,660630,130314,181449,19876,112016
169,UTTAR PRADESH,Mahoba,875958,466358,409600,488106,302283,185823,220898,117389,103509,647,355,292,349676,237153,112523,238712,110964,526282,114244,130422,13523,91487
170,UTTAR PRADESH,Banda,1799410,965876,833534,1002937,630626,372311,387855,208184,179671,163,82,81,701689,485314,216375,483232,218457,1097721,251755,273458,19098,157378
171,UTTAR PRADESH,Chitrakoot,991730,527721,464009,531072,330339,200733,266655,141379,125276,366,196,170,394197,254977,139220,282614,111583,597533,160094,150695,12555,70853
172,UTTAR PRADESH,Fatehpur,2632733,1384722,1248011,1512166,911003,601163,651480,342892,308588,340,189,151,1063929,713736,350193,670156,393773,1568804,328758,425366,51555,258250
173,UTTAR PRADESH,Pratapgarh,3209141,1606085,1603056,1931559,1121381,810178,709252,351054,358198,723,380,343,1066601,704569,362032,553013,513588,2142540,305746,386563,68642,305650
174,UTTAR PRADESH,Kaushambi,1599596,838485,761111,813424,507279,306145,555397,291303,264094,193,102,91,639086,402644,236442,415312,223774,960510,141102,321410,30491,146083
175,UTTAR PRADESH,Allahabad,5954391,3131807,2822584,3665727,2199340,1466387,1309851,687076,622775,7955,4270,3685,2111907,1426110,685797,1286732,825175,3842484,474283,541146,185877,910601
176,UTTAR PRADESH,Bara Banki,3260699,1707073,1553626,1692458,1010518,681940,864559,453168,411391,610,333,277,1192850,871241,321609,834294,358556,2067849,458479,421973,77235,235163
177,UTTAR PRADESH,Faizabad,2470996,1259628,1211368,1450901,838339,612562,555047,281284,273763,931,469,462,831209,597888,233321,496579,334630,1639787,260406,272734,43505,254564
178,UTTAR PRADESH,Ambedkar Nagar,2397888,1212410,1185478,1486939,846676,640263,591125,298240,292885,746,406,340,787398,547406,239992,440998,346400,1610490,213814,301120,58520,213944
179,UTTAR PRADESH,Sultanpur,3797117,1914586,1882531,2239902,1300248,939654,851587,431438,420149,696,358,338,1242632,869838,372794,690967,551665,2554485,338890,501634,85785,316323
180,UTTAR PRADESH,Bahraich,3487731,1843884,1643847,1398368,878285,520083,509307,270226,239081,11159,5606,5553,1152160,895576,256584,743452,408708,2335571,430227,482897,37965,201071
181,UTTAR PRADESH,Shrawasti,1117361,593897,523464,423313,276700,146613,189334,101785,87549,5534,2889,2645,403755,293981,109774,232762,170993,713606,163449,165118,18494,56694
182,UTTAR PRADESH,Balrampur,2148665,1114721,1033944,868357,544943,323414,277212,145928,131284,24887,12657,12230,760253,534332,225921,458727,301526,1388412,276614,328768,29916,124955
183,UTTAR PRADESH,Gonda,3433919,1787146,1646773,1679994,1034181,645813,531973,276656,255317,870,476,394,1170552,855848,314704,739663,430889,2263367,440340,431532,65299,233381
184,UTTAR PRADESH,Siddharthnagar,2559297,1295095,1264202,1228926,740718,488208,408763,208990,199773,12021,6087,5934,878898,583633,295265,447943,430955,1680399,298360,395993,35756,148789
185,UTTAR PRADESH,Basti,2464464,1255272,1209192,1393783,819719,574064,513959,262534,251425,3620,1876,1744,783688,558642,225046,443724,339964,1680776,296928,282260,36856,167644
186,UTTAR PRADESH,Sant Kabir Nagar,1715183,869656,845527,954949,567098,387851,369039,187413,181626,1593,823,770,539469,383482,155987,265453,274016,1175714,149604,241825,28884,119156
187,UTTAR PRADESH,Mahrajganj,2684703,1381754,1302949,1419144,881674,537470,492976,254426,238550,16435,8361,8074,994253,659465,334788,439293,554960,1690450,229847,532486,43015,188905
188,UTTAR PRADESH,Gorakhpur,4440895,2277777,2163118,2700328,1593890,1106438,936061,481123,454938,18172,9261,8911,1351629,1016876,334753,746381,605248,3089266,255660,454931,82965,558073
189,UTTAR PRADESH,Kushinagar,3564544,1818055,1746489,1954820,1183722,771098,544231,278947,265284,80269,41003,39266,1116973,804857,312116,523258,593715,2447571,265686,528388,57049,265850
190,UTTAR PRADESH,Deoria,3100946,1537436,1563510,1875239,1079288,795951,468663,235694,232969,109894,54216,55678,876246,639073,237173,455382,420864,2224700,238237,291016,50418,296575
191,UTTAR PRADESH,Azamgarh,4613913,2285004,2328909,2771917,1559414,1212503,1171378,579586,591792,9327,4690,4637,1372032,941890,430142,784272,587760,3241881,425630,452055,115991,378356
192,UTTAR PRADESH,Mau,2205968,1114709,1091259,1363044,773082,589962,474537,241498,233039,22915,11464,11451,696747,475413,221334,396438,300309,1509221,145225,212343,118614,220565
193,UTTAR PRADESH,Ballia,3239774,1672902,1566872,1963590,1160960,802630,494698,257624,237074,110114,56817,53297,1019483,723060,296423,569522,449961,2220291,206228,384432,72194,356629
194,UTTAR PRADESH,Jaunpur,4494204,2220465,2273739,2731677,1565394,1166283,990345,494226,496119,4736,2363,2373,1437375,934157,503218,896547,540828,3056829,540762,436792,88404,371417
195,UTTAR PRADESH,Ghazipur,3620268,1855075,1765193,2197549,1293553,903996,726641,375015,351626,28712,14664,14048,1204602,808700,395902,766881,437721,2415666,368943,435934,68254,331471
196,UTTAR PRADESH,Chandauli,1952756,1017905,934851,1174606,699454,475152,446786,235161,211625,41725,21571,20154,652543,462971,189572,341927,310616,1300213,125980,248674,58552,219337
197,UTTAR PRADESH,Varanasi,3676841,1921857,1754984,2403903,1389116,1014787,486958,256483,230475,28617,14992,13625,1220708,921234,299474,920761,299947,2456133,197952,182146,168764,671846
198,UTTAR PRADESH,Sant Ravidas Nagar (Bhadohi),1578213,807099,771114,910146,546782,363364,353103,182617,170486,1873,986,887,470608,343155,127453,286978,183630,1107605,94402,104419,62665,209122
199,UTTAR PRADESH,Mirzapur,2496970,1312302,1184668,1428683,865837,562846,661129,347436,313693,20132,10480,9652,881996,613061,268935,537091,344905,1614974,178132,334372,80246,289246
200,UTTAR PRADESH,Sonbhadra,1862559,971344,891215,985708,601988,383720,421661,218996,202665,385018,197825,187193,730399,463611,266788,397196,333203,1132160,141007,371261,29417,188714
201,UTTAR PRADESH,Etah,1774480,947339,827141,1055202,647042,408160,281011,150631,130380,140,87,53,545984,440244,105740,415476,130508,1228496,242396,131779,28396,143413
202,UTTAR PRADESH,Kanshiram Nagar,1436719,764165,672554,724850,452803,272047,254299,135812,118487,150,80,70,472765,375213,97552,354257,118508,963954,229088,107094,22492,114091
203,BIHAR,Pashchim Champaran,3935042,2061110,1873932,1759481,1091226,668255,553944,289191,264753,250046,127680,122366,1478947,999282,479665,797544,681403,2456095,217539,998833,38691,223884
204,BIHAR,Purba Champaran,5099371,2681209,2418162,2276957,1407603,869354,649726,340363,309363,12461,6454,6007,1737539,1260774,476765,1132789,604750,3361832,349032,1057417,46164,284926
205,BIHAR,Sheohar,656246,346673,309573,283698,171645,112053,96655,51089,45566,318,177,141,216372,166693,49679,137804,78568,439874,38727,136334,9119,32192
206,BIHAR,Sitamarhi,3423574,1803252,1620322,1436794,885188,551606,405714,213624,192090,2989,1585,1404,1114583,865929,248654,753645,360938,2308991,216012,635907,37932,224732
207,BIHAR,Madhubani,4487379,2329313,2158066,2155338,1340085,815253,587158,303389,283769,3990,2056,1934,1636938,1105947,530991,1074091,562847,2850441,396880,940642,54934,244482
208,BIHAR,Supaul,2229076,1155283,1073793,1033283,647672,385611,354249,182545,171704,10168,5242,4926,877682,551718,325964,472649,405033,1351394,201882,554271,22555,98974
209,BIHAR,Araria,2811569,1463333,1348236,1195768,727643,468125,382654,198247,184407,38848,19887,18961,1069893,708391,361502,696410,373483,1741676,222913,691947,24367,130666
210,BIHAR,Kishanganj,1690400,866970,823430,745056,439921,305135,113118,57964,55154,64224,32506,31718,529064,421192,107872,384416,144648,1161336,107862,321867,11633,87702
211,BIHAR,Purnia,3264619,1699370,1565249,1332326,805261,527065,390991,203201,187790,139490,71391,68099,1143318,803275,340043,776385,366933,2121301,197424,745015,28840,172039
212,BIHAR,Katihar,3071029,1600430,1470599,1280190,762256,517934,263100,136429,126671,179971,92190,87781,1013566,760522,253044,667602,345964,2057463,168857,672291,20577,151841
213,BIHAR,Madhepura,2001762,1047559,954203,834577,517666,316911,346275,179337,166938,12532,6442,6090,777546,496046,281500,443507,334039,1224216,190809,484062,16347,86328
214,BIHAR,Saharsa,1900661,997174,903487,804996,506374,298622,317249,164518,152731,6009,3101,2908,649898,456724,193174,363326,286572,1250763,164600,356833,18651,109814
215,BIHAR,Darbhanga,3937385,2059949,1877436,1816634,1125566,691068,615688,322327,293361,2772,1361,1411,1223640,947927,275713,731347,492293,2713745,236673,642115,44846,300006
216,BIHAR,Muzaffarpur,4801062,2527497,2273565,2509232,1487117,1022115,751975,393135,358840,5979,3124,2855,1547586,1195308,352278,910304,637282,3253476,273436,769001,65253,439896
217,BIHAR,Gopalganj,2562012,1267666,1294346,1382998,793905,589093,320064,159265,160799,60807,29833,30974,728201,539586,188615,363111,365090,1833811,208959,338666,26049,154527
218,BIHAR,Siwan,3330464,1675090,1655374,1930175,1115906,814269,386685,195965,190720,87000,43472,43528,932416,730396,202020,462104,470312,2398048,264928,376344,31244,259900
219,BIHAR,Saran,3951862,2022821,1929041,2157454,1285767,871687,474066,242976,231090,36786,18322,18464,1040231,857660,182571,545520,494711,2911631,232097,493461,42103,272570
220,BIHAR,Vaishali,3495021,1844535,1650486,1926740,1152576,774164,738031,387827,350204,2274,1232,1042,1060344,858648,201696,716006,344338,2434677,255017,502637,36958,265732
221,BIHAR,Samastipur,4261566,2230003,2031563,2142880,1293575,849305,803128,417944,385184,1884,975,909,1343400,1037576,305824,907433,435967,2918166,299039,721629,47917,274815
222,BIHAR,Begusarai,2970541,1567660,1402881,1548673,918507,630166,432270,227481,204789,1597,848,749,938182,715345,222837,591811,346371,2032359,146035,430870,58167,303110
223,BIHAR,Khagaria,1666886,883786,783100,768028,461153,306875,247161,130191,116970,675,352,323,560805,398216,162589,306283,254522,1106081,104517,325731,20816,109741
224,BIHAR,Bhagalpur,3037766,1615663,1422103,1573066,937669,635397,318569,169667,148902,67180,35545,31635,983528,740056,243472,534129,449399,2054238,135161,475228,60461,312678
225,BIHAR,Banka,2034763,1067140,967623,965321,590961,374360,247858,129663,118195,90432,45901,44531,771080,517817,253263,374097,396983,1263683,172440,462614,26680,109346
226,BIHAR,Munger,1367765,729041,638724,801817,473741,328076,183846,97195,86651,21404,10995,10409,426658,327453,99205,233402,193256,941107,45953,196449,16690,167566
227,BIHAR,Lakhisarai,1000912,526345,474567,507270,305182,202088,153209,80069,73140,8333,4247,4086,326576,240494,86082,201866,124710,674336,78532,159970,13546,74528
228,BIHAR,Sheikhpura,636342,329743,306599,328676,196431,132245,131115,67582,63533,617,305,312,224655,151569,73086,148002,76653,411687,54511,109696,9917,50531
229,BIHAR,Nalanda,2877653,1497060,1380593,1519933,919558,600375,607672,315240,292432,1442,728,714,1045420,703405,342015,740949,304471,1832233,221240,534021,52585,237574
230,BIHAR,Patna,5838465,3078512,2759953,3459679,2028047,1431632,920918,482088,438830,9069,4717,4352,1881886,1436411,445475,1371267,510619,3956579,271216,658203,85349,867118
231,BIHAR,Bhojpur,2728407,1430380,1298027,1599151,973486,625665,425402,222716,202686,13977,7363,6614,822493,640283,182210,512009,310484,1905914,190896,364875,47985,218737
232,BIHAR,Buxar,1706352,887977,818375,989807,593544,396263,251737,131821,119916,26824,14102,12722,538322,402180,136142,328547,209775,1168030,132472,251790,26122,127938
233,BIHAR,Kaimur (Bhabua),1626384,847006,779378,920276,549923,370353,369088,192686,176402,57981,29717,28264,511163,375959,135204,284646,226517,1115221,125070,268597,24880,92616
234,BIHAR,Rohtas,2959918,1543546,1416372,1799832,1061783,738049,549546,286596,262950,31650,16399,15251,924879,707939,216940,542439,382440,2035039,218087,405544,48512,252736
235,BIHAR,Aurangabad,2540073,1318684,1221389,1466002,868733,597269,612064,316161,295903,1033,500,533,837770,599157,238613,480286,357484,1702303,178525,426096,40652,192497
236,BIHAR,Gaya,4391418,2266566,2124852,2297613,1368803,928810,1334351,683943,650408,3098,1635,1463,1664062,1076170,587892,1007057,657005,2727356,370759,783505,87178,422620
237,BIHAR,Nawada,2219146,1144668,1074478,1091012,659474,431538,565112,290050,275062,2045,997,1048,817041,539439,277602,508509,308532,1402105,216400,397505,40018,163118
238,BIHAR,Jamui,1760405,916064,844341,858588,534385,324203,302649,155849,146800,78793,40185,38608,727571,452288,275283,445352,282219,1032834,156491,331466,105637,133977
239,BIHAR,Jehanabad,1125313,585582,539731,618881,374412,244469,222974,115034,107940,1285,667,618,365378,266423,98955,251690,113688,759935,86108,179519,15075,84676
240,BIHAR,Arwal,700843,363497,337346,386351,235279,151072,141314,72885,68429,590,283,307,236354,167991,68363,161277,75077,464489,49127,144698,6758,35771
241,SIKKIM,North  District,43709,24730,18979,30450,18579,11871,982,536,446,28715,14741,13974,23359,15935,7424,17216,6143,20350,7313,2262,332,13452
242,SIKKIM,West District,136435,70238,66197,93432,51988,41444,5935,3117,2818,57817,29485,28332,70348,40772,29576,51225,19123,66087,40797,8053,1403,20095
243,SIKKIM,South District,146850,76670,70180,106741,59357,47384,6053,3058,2995,41392,21556,19836,74753,45300,29453,50898,23855,72097,37802,4188,1004,31759
244,SIKKIM,East District,283583,151432,132151,214329,121345,92984,15305,7743,7562,78436,39479,38957,139678,92351,47327,111058,28620,143905,31489,11483,2404,94302
245,ARUNACHAL PRADESH,Tawang,49977,29151,20826,26073,17720,8353,0,0,0,34811,16770,18041,28561,19554,9007,24430,4131,21416,7631,1581,114,19235
246,ARUNACHAL PRADESH,West Kameng,83947,46155,37792,48492,29566,18926,0,0,0,46380,22771,23609,42493,28313,14180,34752,7741,41454,14476,1705,801,25511
247,ARUNACHAL PRADESH,East Kameng,78690,38775,39915,38449,21599,16850,0,0,0,72400,35266,37134,31710,16424,15286,27123,4587,46980,21835,1063,273,8539
248,ARUNACHAL PRADESH,Papum Pare,176573,89182,87391,121048,65794,55254,0,0,0,117216,56469,60747,65772,41263,24509,51157,14615,110801,14104,1859,1543,48266
249,ARUNACHAL PRADESH,Upper Subansiri,83448,41758,41690,45278,24807,20471,0,0,0,78323,38570,39753,33370,17898,15472,25717,7653,50078,21690,1846,481,9353
250,ARUNACHAL PRADESH,West Siang,112274,58168,54106,64746,36777,27969,0,0,0,92783,45746,47037,49177,29156,20021,43000,6177,63097,28852,1384,298,18643
251,ARUNACHAL PRADESH,East Siang,99214,50116,49098,62576,34210,28366,0,0,0,69979,34533,35446,40222,23591,16631,33578,6644,58992,20185,3565,493,15979
252,ARUNACHAL PRADESH,Upper Siang,35320,18699,16621,18195,10723,7472,0,0,0,28468,14413,14055,17644,9968,7676,14524,3120,17676,9976,804,591,6273
253,ARUNACHAL PRADESH,Changlang,148226,76948,71278,73174,44027,29147,0,0,0,53878,27061,26817,62966,39329,23637,50765,12201,85260,39732,4208,496,18530
254,ARUNACHAL PRADESH,Tirap,111975,57604,54371,47974,29313,18661,0,0,0,98372,49365,49007,50169,27545,22624,44262,5907,61806,35967,1811,836,11555
255,ARUNACHAL PRADESH,Lower Subansiri,83030,41843,41187,54057,29470,24587,0,0,0,72911,35803,37108,30202,17339,12863,22669,7533,52828,13656,1968,435,14143
256,ARUNACHAL PRADESH,Kurung Kumey,92076,45318,46758,36606,20258,16348,0,0,0,90764,44459,46305,38044,18429,19615,24372,13672,54032,27417,2947,833,6847
257,ARUNACHAL PRADESH,Dibang Valley,8004,4414,3590,4436,2614,1822,0,0,0,5701,2850,2851,3555,2228,1327,2525,1030,4449,1290,106,68,2091
258,ARUNACHAL PRADESH,Lower Dibang Valley,54080,28053,26027,31849,18087,13762,0,0,0,25974,12649,13325,22326,14102,8224,19829,2497,31754,9687,3354,233,9052
259,ARUNACHAL PRADESH,Lohit,145726,76221,69505,83062,48380,34682,0,0,0,47410,23457,23953,60945,38910,22035,50754,10191,84781,29909,7789,786,22461
260,ARUNACHAL PRADESH,Anjaw,21167,11507,9660,9990,6523,3467,0,0,0,16451,8208,8243,10501,6224,4277,9264,1237,10666,6316,181,84,3920
261,NAGALAND,Mon,250260,131753,118507,119626,67432,52194,0,0,0,238285,124343,113942,147654,79425,68229,104981,42673,102606,113473,10836,1608,21737
262,NAGALAND,Mokokchung,194622,101092,93530,159494,83479,76015,0,0,0,178431,90567,87864,100067,57084,42983,81046,19021,94555,48925,9166,3798,38178
263,NAGALAND,Zunheboto,140757,71217,69540,102881,53504,49377,0,0,0,136561,68071,68490,79466,41178,38288,49382,30084,61291,44723,11955,2025,20763
264,NAGALAND,Wokha,166343,84505,81838,128208,67385,60823,0,0,0,156621,78816,77805,78412,42096,36316,63512,14900,87931,47473,6438,1965,22536
265,NAGALAND,Dimapur,378811,197394,181417,278037,150142,127895,0,0,0,223989,110892,113097,151350,99645,51705,122358,28992,227461,24517,8990,5073,112770
266,NAGALAND,Phek,163418,83743,79675,105893,57926,47967,0,0,0,157146,79536,77610,80277,41556,38721,63645,16632,83141,55091,3159,1275,20752
267,NAGALAND,Tuensang,196596,101933,94663,117511,63653,53858,0,0,0,190916,98212,92704,98154,52931,45223,73518,24636,98442,75212,3913,1104,17925
268,NAGALAND,Longleng,50484,26502,23982,29859,16139,13720,0,0,0,48615,25268,23347,30568,16273,14295,20944,9624,19916,22501,1309,598,6160
269,NAGALAND,Kiphire,74004,37830,36174,41232,22675,18557,0,0,0,71429,36217,35212,31959,16780,15179,25830,6129,42045,21432,1259,749,8519
270,NAGALAND,Kohima,267988,138966,129022,197489,107038,90451,0,0,0,224738,110617,114121,114825,68140,46685,99408,15417,153163,44684,2198,2072,65871
271,NAGALAND,Peren,95219,49714,45505,62204,34584,27620,0,0,0,84242,43488,40754,61390,32249,29141,36555,24835,33829,39671,3739,2571,15409
272,MANIPUR,Senapati,479148,247323,231825,264477,148012,116465,1000,536,464,419210,214519,204691,233622,124143,109479,185725,47897,245526,175127,30369,4978,42307
273,MANIPUR,Tamenglong,140651,72371,68280,85006,47403,37603,22,17,5,134626,68226,66400,70675,37237,33438,55979,14696,69976,48849,1924,1710,18192
274,MANIPUR,Churachandpur,274143,138820,135323,195935,104013,91922,443,244,199,254787,126328,128459,122655,70594,52061,89779,32876,151488,64834,8282,5067,44472
275,MANIPUR,Bishnupur,237399,118782,118617,156333,87313,69020,22113,11085,11028,3287,1625,1662,109937,62807,47130,76423,33514,127462,34358,15109,11567,48903
276,MANIPUR,Thoubal,422168,210845,211323,269304,152617,116687,40593,20137,20456,1808,929,879,195319,109377,85942,133428,61891,226849,77331,33106,21017,63865
277,MANIPUR,Imphal West,517992,255054,262938,392626,205985,186641,16530,8308,8222,24161,11560,12601,213387,128540,84847,166009,47378,304605,37107,12870,19918,143492
278,MANIPUR,Imphal East,456113,226094,230019,324664,173314,151350,15839,8055,7784,27657,13500,14157,194848,117562,77286,145343,49505,261265,36355,20250,21826,116417
279,MANIPUR,Ukhrul,183998,94718,89280,129829,70148,59681,248,160,88,173606,87970,85636,87929,46533,41396,67724,20205,96069,56815,3852,2233,25029
280,MANIPUR,Chandel,144182,74579,69603,90302,51053,39249,540,321,219,128280,63622,64658,76238,42615,33623,53753,22485,67944,43255,8315,3040,21628
281,MIZORAM,Mamit,86364,44828,41536,60191,32977,27214,51,42,9,82080,42075,40005,39339,24016,15323,36185,3154,47025,28669,2553,262,7855
282,MIZORAM,Kolasib,83955,42918,41037,65895,34147,31748,84,59,25,73609,36917,36692,36672,22733,13939,29697,6975,47283,17992,5921,585,12174
283,MIZORAM,Aizawl,400309,199270,201039,340595,169547,171048,627,388,239,373542,182517,191025,174636,104643,69993,151410,23226,225673,39266,11434,3360,120576
284,MIZORAM,Champhai,125745,63388,62357,100802,51440,49362,17,16,1,123466,61954,61512,60342,34129,26213,53111,7231,65403,38336,5823,980,15203
285,MIZORAM,Serchhip,64937,32851,32086,54476,27598,26878,32,20,12,62889,31381,31508,32397,18261,14136,29838,2559,32540,21804,1284,926,8383
286,MIZORAM,Lunglei,161428,82891,78537,121122,64515,56607,178,125,53,153533,77180,76353,78292,46230,32062,62013,16279,83136,45439,10662,813,21378
287,MIZORAM,Lawngtlai,117894,60599,57295,62861,36444,26417,146,105,41,112354,57044,55310,45566,28517,17049,38082,7484,72328,29189,3153,613,12611
288,MIZORAM,Saiha,56574,28594,27980,42233,21861,20372,83,52,31,54642,27226,27416,19461,12211,7250,14694,4767,37113,8908,957,313,9283
289,TRIPURA,West Tripura,1725739,879428,846311,1361354,722998,638356,338094,172522,165572,431944,217278,214666,698178,500406,197772,524198,173980,1027561,115175,156108,25163,401732
290,TRIPURA,South Tripura,876001,447544,428457,646810,351082,295728,140168,72012,68156,344835,173174,171661,366845,253229,113616,258457,108388,509156,85530,111332,6375,163608
291,TRIPURA,Dhalai,378230,194544,183686,276217,151643,124574,61688,31461,30227,210608,106759,103849,155831,105657,50174,108259,47572,222399,45956,42201,2870,64804
292,TRIPURA,North Tripura,693947,352860,341087,520402,275646,244756,114968,58375,56593,179426,91116,88310,248667,186034,62633,186105,62562,445280,49286,43977,7088,148316
293,MEGHALAYA,West Garo Hills,643291,324159,319132,358702,193438,165264,8810,4535,4275,474009,236772,237237,255693,151914,103779,188371,67322,387598,120740,39725,7643,87585
294,MEGHALAYA,East Garo Hills,317917,161223,156694,192147,102513,89634,509,304,205,305180,153861,151319,126073,72262,53811,83936,42137,191844,77390,19246,2475,26962
295,MEGHALAYA,South Garo Hills,142334,73170,69164,82062,45003,37059,319,188,131,134237,68140,66097,53069,32826,20243,38397,14672,89265,28145,5565,1249,18110
296,MEGHALAYA,West Khasi Hills,383461,193715,189746,230678,117307,113371,168,93,75,375097,189134,185963,163345,89694,73651,119803,43542,220116,84956,37184,2475,38730
297,MEGHALAYA,Ribhoi,258840,132531,126309,155859,80977,74882,590,329,261,230081,115907,114174,106473,63871,42602,90875,15598,152367,55833,19989,1676,28975
298,MEGHALAYA,East Khasi Hills,825922,410749,415173,578030,287270,290760,5642,2924,2718,661158,320048,341110,326786,204303,122483,289576,37210,499136,76767,40889,2966,206164
299,MEGHALAYA,Jaintia Hills,395124,196285,198839,187527,87371,100156,1317,784,533,376099,185866,190233,154180,88839,65341,110617,43563,240944,50844,35766,2004,65566
300,ASSAM,Kokrajhar,887142,452905,434237,489305,275220,214085,29570,15386,14184,278665,139579,139086,341131,236322,104809,253110,88021,546011,156753,56330,12423,115625
301,ASSAM,Dhubri,1949258,997848,951410,922341,511551,410790,70395,36359,34036,6332,3198,3134,669819,524898,144921,504998,164821,1279439,205305,171116,27822,265576
302,ASSAM,Goalpara,1008183,513292,494891,563577,304302,259275,45094,22999,22095,231570,116013,115557,362573,267118,95455,266376,96197,645610,126549,75828,14346,145850
303,ASSAM,Barpeta,1693622,867004,826618,897058,499038,398020,95320,49165,46155,27344,13530,13814,561824,445297,116527,439453,122371,1131798,205259,98946,30342,227277
304,ASSAM,Morigaon,957423,486651,470772,539902,289698,250204,117841,60194,57647,136777,68382,68395,351148,257984,93164,260968,90180,606275,157612,75984,14346,103206
305,ASSAM,Nagaon,2823768,1439112,1384656,1710716,921850,788866,266350,136473,129877,115153,57759,57394,979998,766728,213270,734993,245005,1843770,346123,196174,38122,399579
306,ASSAM,Sonitpur,1924110,983904,940206,1108572,620525,488047,109130,55817,53313,232207,117685,114522,770606,537195,233411,558325,212281,1153504,249123,114865,25719,380899
307,ASSAM,Lakhimpur,1042137,529674,512463,683486,375552,307934,81840,41689,40151,249426,126716,122710,429995,282250,147745,283533,146462,612142,239377,43922,10983,135713
308,ASSAM,Dhemaji,686133,351249,334884,423028,237761,185267,44225,23006,21219,325560,165449,160111,316800,186577,130223,201364,115436,369333,231937,19181,7224,58458
309,ASSAM,Tinsukia,1327929,680231,647698,798322,453449,344873,37688,19443,18245,82066,41769,40297,557196,366623,190573,410188,147008,770733,149482,47756,13241,346717
310,ASSAM,Dibrugarh,1326335,676434,649901,884531,491361,393170,58876,30517,28359,102871,51835,51036,560557,368013,192544,391597,168960,765778,135194,61209,14362,349792
311,ASSAM,Sivasagar,1151050,589216,561834,813505,444767,368738,42347,21568,20779,49039,24989,24050,485717,325071,160646,318950,166767,665333,138100,48468,14532,284617
312,ASSAM,Jorhat,1092256,556805,535451,794929,432335,362594,88665,45194,43471,139971,70795,69176,498618,320746,177872,338635,159983,593638,145885,53153,31543,268037
313,ASSAM,Golaghat,1066888,543161,523727,721764,396475,325289,62298,31807,30491,111765,56420,55345,479928,309104,170824,331210,148718,586960,190590,66616,15068,207654
314,ASSAM,Karbi Anglong,956313,490167,466146,557214,314253,242961,44961,23436,21525,538738,272460,266278,383441,246193,137248,260482,122959,572872,223020,60952,9861,89608
315,ASSAM,Dima Hasao,214102,110802,103300,140873,78559,62314,4337,2340,1997,151843,76520,75323,85028,56323,28705,68297,16731,129074,44480,4818,1492,34238
316,ASSAM,Cachar,1736617,886284,850333,1174128,639946,534182,264897,136051,128846,17569,8736,8833,608062,469752,138310,471259,136803,1128555,120356,68664,24466,394576
317,ASSAM,Karimganj,1228686,625864,602822,795297,435942,359355,157890,81384,76506,1940,994,946,399171,319798,79373,293392,105779,829515,94348,67033,17435,220355
318,ASSAM,Hailakandi,659296,337890,321406,407366,226836,180530,70659,36369,34290,691,354,337,214240,170792,43448,165193,49047,445056,65673,31248,7313,110006
319,ASSAM,Bongaigaon,738804,375818,362986,434078,237114,196964,82784,42513,40271,18835,9377,9458,255806,197542,58264,191671,64135,482998,83442,47406,9485,115473
320,ASSAM,Chirang,482162,244860,237302,259902,145869,114033,35135,18105,17030,178688,89273,89415,193894,128762,65132,139027,54867,288268,80328,35224,7672,70670
321,ASSAM,Kamrup,1517542,778461,739081,995319,550219,445100,107827,55237,52590,182038,92094,89944,628954,428492,200462,421244,207710,888588,185803,99522,69106,274523
322,ASSAM,Kamrup Metropolitan,1253938,647585,606353,1001191,537227,463964,101789,52106,49683,75121,37902,37219,490932,375613,115319,413154,77778,763006,25250,16995,12463,436224
323,ASSAM,Nalbari,771639,396006,375633,531771,293184,238587,60216,30654,29562,23364,11692,11672,267623,210202,57421,196773,70850,504016,58070,34984,19302,155267
324,ASSAM,Baksa,950075,481330,468745,572837,322614,250223,73083,37534,35549,331007,165634,165373,406756,266611,140145,278297,128459,543319,149288,94591,20310,142567
325,ASSAM,Darrang,928500,475273,453227,487039,268666,218373,40260,20566,19694,8419,4300,4119,324843,246864,77979,241456,83387,603657,129456,81617,10542,103228
326,ASSAM,Udalguri,831668,421617,410051,469926,264326,205600,37844,19402,18442,267372,133550,133822,345030,230690,114340,253178,91852,486638,124824,72744,11801,135661
327,WEST BENGAL,Darjiling,1846823,937259,909564,1315585,717673,597912,317275,161495,155780,397389,197251,200138,683726,479586,204140,532855,150871,1163097,76178,66041,16579,524928
328,WEST BENGAL,Jalpaiguri,3872846,1983064,1889782,2498780,1396622,1102158,1458278,750841,707437,731704,365868,365836,1512910,1091361,421549,1153765,359145,2359936,214932,349672,30090,918216
329,WEST BENGAL,Koch Bihar,2819086,1451542,1367544,1850504,1028733,821771,1414336,728506,685830,18125,9388,8737,1127977,845308,282669,886357,241620,1691109,364797,391875,40593,330712
330,WEST BENGAL,Uttar Dinajpur,3007134,1551066,1456068,1489667,853495,636172,807950,418288,389662,162816,81831,80985,1075626,799627,275999,824342,251284,1931508,257377,442328,37978,337943
331,WEST BENGAL,Dakshin Dinajpur,1676276,857199,819077,1083685,596474,487211,482754,248312,234442,275366,138025,137341,702987,499560,203427,526470,176517,973289,193276,279932,32290,197489
332,WEST BENGAL,Maldah,3988845,2051541,1937304,2086432,1152019,934413,835430,432744,402686,313984,157528,156456,1537847,1086461,451386,1050995,486852,2450998,255182,545759,196687,540219
333,WEST BENGAL,Murshidabad,7103807,3627564,3476243,4055834,2177187,1878647,897534,460143,437391,91035,46163,44872,2589907,1985667,604240,2022083,567824,4513900,381076,842294,466007,900530
334,WEST BENGAL,Birbhum,3502404,1790920,1711484,2158447,1201481,956966,1033140,529001,504139,242484,119787,122697,1331603,1029770,301833,912844,418759,2170801,227254,611510,65062,427777
335,WEST BENGAL,Barddhaman,7717563,3966889,3750674,5247208,2918040,2329168,2115719,1079584,1036135,489447,243581,245866,2911251,2293083,618168,2166742,744509,4806312,342166,973182,124558,1471345
336,WEST BENGAL,Nadia,5167600,2653768,2513832,3480555,1878866,1601689,1546917,798258,748659,140700,71142,69558,1842607,1554090,288517,1595880,246727,3324993,308742,556134,169138,808593
337,WEST BENGAL,North Twenty Four Parganas,10009781,5119389,4890392,7608693,4056046,3552647,2169084,1115458,1053626,264597,134179,130418,3571624,2945189,626435,3055630,515994,6438157,288058,599039,155762,2528765
338,WEST BENGAL,Hugli,5519145,2814653,2704492,4078388,2211777,1866611,1344021,680992,663029,229243,113249,115994,2152870,1713608,439262,1714645,438225,3366275,259680,583380,111828,1197982
339,WEST BENGAL,Bankura,3596674,1838095,1758579,2232992,1299337,933655,1174447,593440,581007,368690,183467,185223,1466220,1050822,415398,916393,549827,2130454,309723,647374,61386,447737
340,WEST BENGAL,Puruliya,2930115,1496996,1433119,1624905,1002058,622847,567767,290789,276978,540652,271803,268849,1249642,801254,448388,613398,636244,1680473,268800,492205,87560,401077
341,WEST BENGAL,Haora,4850029,2500819,2349210,3605206,1942824,1662382,718951,367053,351898,15094,7761,7333,1819845,1498170,321675,1496267,323578,3030184,80575,181662,297774,1259834
342,WEST BENGAL,Kolkata,4496694,2356766,2139928,3588137,1926915,1661222,241932,128053,113879,10684,5729,4955,1795740,1412466,383274,1576419,219321,2700954,16039,12388,68438,1698875
343,WEST BENGAL,South Twenty Four Parganas,8161961,4173778,3988183,5531657,3043277,2488380,2464032,1266504,1197528,96976,49195,47781,2964494,2356571,607923,2003685,960809,5197467,355350,806562,240976,1561606
344,WEST BENGAL,Paschim Medinipur,5913457,3007885,2905572,4078412,2266913,1811499,1128269,570125,558144,880015,439831,440184,2509159,1757358,751801,1510548,998611,3404298,572268,1105201,142602,689088
345,WEST BENGAL,Purba Medinipur,5095875,2629834,2466041,3923194,2149073,1774121,745434,383718,361716,27952,14196,13756,1910320,1516096,394224,1127312,783008,3185555,345215,702304,118816,743985
346,JHARKHAND,Garhwa,1322784,683575,639209,653476,405161,248315,319946,165313,154633,205874,104499,101375,571431,335451,235980,175126,396305,751353,113561,328673,14487,114710
347,JHARKHAND,Chatra,1042886,533935,508951,510061,303902,206159,340553,172668,167885,45563,23141,22422,397690,251213,146477,195502,202188,645196,119297,188513,14210,75670
348,JHARKHAND,Kodarma,716259,367222,349037,390249,238780,151469,109003,55346,53657,6903,3594,3309,257418,173993,83425,143324,114094,458841,83126,64275,7934,102083
349,JHARKHAND,Giridih,2445474,1258098,1187376,1253475,783736,469739,325493,166447,159046,238188,120646,117542,1036277,623946,412331,412912,623365,1409197,369913,362610,32544,271210
350,JHARKHAND,Deoghar,1492073,775022,717051,793538,489837,303701,190036,98295,91741,180962,91012,89950,551467,383691,167776,297146,254321,940606,128656,209693,39361,173757
351,JHARKHAND,Godda,1313551,677927,635624,604519,376212,228307,115567,59835,55732,279208,138510,140698,552191,344019,208172,235735,316456,761360,144603,307767,18719,81102
352,JHARKHAND,Sahibganj,1150567,589391,561176,483263,287303,195960,72341,37317,35024,308343,153435,154908,490202,295690,194512,322572,167630,660365,109975,206902,43179,130146
353,JHARKHAND,Pakur,900422,452661,447761,352881,206989,145892,28469,14352,14117,379054,186967,192087,404584,234012,170572,252017,152567,495838,105334,150028,19471,129751
354,JHARKHAND,Dhanbad,2684487,1405956,1278531,1722204,1014950,707254,437309,226362,210947,233119,117256,115863,844504,658851,185653,546714,297790,1839983,97118,103488,25889,618009
355,JHARKHAND,Bokaro,2062330,1072807,989523,1273520,759088,514432,299227,154297,144930,255626,129233,126393,685368,507677,177691,380304,305064,1376962,137521,126406,21671,399770
356,JHARKHAND,Lohardaga,461790,232629,229161,259707,149568,110139,15330,7862,7468,262734,130814,131920,221332,121605,99727,103001,118331,240458,99780,80840,4449,36263
357,JHARKHAND,Purbi Singhbhum,2293919,1176902,1117017,1507699,856526,651173,111414,56147,55267,653923,325989,327934,837167,616249,220918,529578,307589,1456752,112059,209802,21438,493868
358,JHARKHAND,Palamu,1939869,1006302,933567,1024563,621706,402857,536382,277119,259263,181208,92577,88631,713175,473042,240133,283702,429473,1226694,133585,380976,19911,178703
359,JHARKHAND,Latehar,726978,369666,357312,350682,209706,140976,154910,78266,76644,331096,166427,164669,313379,180106,133273,117311,196068,413599,103693,142729,9205,57752
360,JHARKHAND,Hazaribagh,1734495,890881,843614,1013249,596113,417136,303515,155013,148502,121768,60796,60972,654636,423472,231164,327316,327320,1079859,242460,172385,16150,223641
361,JHARKHAND,Ramgarh,949443,494230,455213,596497,350031,246466,106356,54986,51370,201166,101901,99265,312125,234202,77923,221112,91013,637318,90770,46815,8336,166204
362,JHARKHAND,Dumka,1321442,668514,652928,672409,406275,266134,79614,40802,38812,571077,282125,288952,624779,367108,257671,237479,387300,696663,193402,303084,23106,105187
363,JHARKHAND,Jamtara,791042,404830,386212,426312,258260,168052,72885,37212,35673,240489,120035,120454,326631,214740,111891,122434,204197,464411,106008,135667,11547,73409
364,JHARKHAND,Ranchi,2914253,1494937,1419316,1911433,1085244,826189,152943,78613,74330,1042016,520582,521434,1142867,743967,398900,756176,386691,1771386,317487,267360,38452,519568
365,JHARKHAND,Khunti,531885,266335,265550,284575,164741,119834,24037,12223,11814,389626,193710,195916,259984,141123,118861,153087,106897,271901,166290,49448,9245,35001
366,JHARKHAND,Gumla,1025213,514390,510823,559720,321795,237925,32459,16446,16013,706754,352514,354240,487508,264774,222734,278931,208577,537705,321272,97918,12771,55547
367,JHARKHAND,Simdega,599578,300309,299269,343483,191991,151492,44674,22150,22524,424407,211546,212861,288645,159867,128778,155510,133135,310933,158019,90232,8011,32383
368,JHARKHAND,Pashchimi Singhbhum,1502338,749385,752953,727561,439273,288288,56986,28144,28842,1011296,500949,510347,694863,392690,302173,343008,351855,807475,244172,267475,24825,158391
369,JHARKHAND,Saraikela-Kharsawan,1065056,544411,520645,612993,365332,247661,56195,28243,27952,374642,187149,187493,430051,283281,146770,228598,201453,635005,116731,142966,10251,160103
370,ORISSA,Bargarh,1481255,749161,732094,983783,557217,426566,298780,150420,148360,281135,140542,140593,762092,473305,288787,474390,287702,719163,216413,360650,48145,136884
371,ORISSA,Jharsuguda,579505,296690,282815,405879,228092,177787,104620,52580,52040,176758,88273,88485,247707,172018,75689,172069,75638,331798,40867,56809,15836,134195
372,ORISSA,Sambalpur,1041099,526877,514222,703691,393192,310499,191827,96511,95316,355261,177565,177696,505840,313161,192679,336854,168986,535259,86800,160798,59288,198954
373,ORISSA,Debagarh,312520,158230,154290,197819,112649,85170,52112,26343,25769,110400,55126,55274,165435,92384,73051,83408,82027,147085,42660,82490,8087,32198
374,ORISSA,Sundargarh,2093437,1061147,1032290,1342322,750147,592175,191660,96465,95195,1062349,526856,535493,873227,584687,288540,535112,338115,1220210,184273,253327,26970,408657
375,ORISSA,Kendujhar,1801733,906487,895246,1052518,605119,447399,209357,104684,104673,818878,405927,412951,766514,498077,268437,442497,324017,1035219,198044,310075,21314,237081
376,ORISSA,Mayurbhanj,2519738,1256213,1263525,1369397,794171,575226,184682,92127,92555,1479576,730487,749089,1223534,697782,525752,548390,675144,1296204,238772,568755,113808,302199
377,ORISSA,Baleshwar,2320529,1185787,1134742,1621232,902359,718873,478586,243597,234989,275678,137748,137930,932707,684020,248687,618064,314643,1387822,288818,358214,28736,256939
378,ORISSA,Bhadrak,1506337,760260,746077,1094140,596269,497871,334896,168687,166209,30428,15361,15067,468599,409559,59040,328097,140502,1037738,155956,151377,14451,146815
379,ORISSA,Kendrapara,1440361,717814,722547,1089265,579970,509295,309780,155531,154249,9484,4748,4736,466890,386382,80508,322265,144625,973471,149264,143864,16544,157218
380,ORISSA,Jagatsinghapur,1136971,577865,559106,889027,481049,407978,248152,125184,122968,7862,4226,3636,403649,325589,78060,290170,113479,733322,111320,110323,16357,165649
381,ORISSA,Cuttack,2624470,1352760,1271710,2011469,1103033,908436,498633,254456,244177,93745,47437,46308,936365,761876,174489,696274,240091,1688105,138698,248298,51809,497560
382,ORISSA,Jajapur,1827192,926034,901158,1290455,706396,584059,433387,220553,212834,151432,76048,75384,552234,486091,66143,407564,144670,1274958,120881,186021,20938,224394
383,ORISSA,Dhenkanal,1192811,612593,580218,829910,464093,365817,234079,118755,115324,162056,80878,81178,435533,340552,94981,277338,158195,757278,71230,163636,17312,183355
384,ORISSA,Anugul,1273821,655718,618103,869456,494425,375031,239552,121459,118093,179603,89980,89623,526520,360947,165573,317547,208973,747301,107607,172414,35069,211430
385,ORISSA,Nayagarh,962789,502636,460153,688362,392333,296029,136399,69813,66586,58691,29173,29518,343633,284591,59042,229076,114557,619156,83022,120129,17557,122925
386,ORISSA,Khordha,2251673,1167137,1084536,1749936,957515,792421,297472,151528,145944,115051,59094,55957,792193,645880,146313,632625,159568,1459480,92662,116274,39471,543786
387,ORISSA,Puri,1698730,865380,833350,1291939,704857,587082,325133,164366,160767,6129,3240,2889,621676,498461,123215,450536,171140,1077054,172761,163942,25115,259858
388,ORISSA,Ganjam,3529031,1779218,1749813,2210050,1262652,947398,688235,342111,346124,118928,59172,59756,1501772,990027,511745,900744,601028,2027259,284943,565448,56274,595107
389,ORISSA,Gajapati,577817,282882,294935,262537,153663,108874,39175,19037,20138,313714,151902,161812,293933,155907,138026,170371,123562,283884,65062,153199,5370,70302
390,ORISSA,Kandhamal,733110,359945,373165,399786,233900,165886,115544,56987,58557,392820,190506,202314,355349,193515,161834,167112,188237,377761,79221,162932,11946,101250
391,ORISSA,Baudh,441162,221625,219537,271612,158648,112964,104934,52497,52437,55364,27362,28002,219457,125627,93830,123724,95733,221705,63657,104685,11674,39441
392,ORISSA,Subarnapur,610183,311312,298871,398421,230393,168028,156219,79725,76494,57192,28794,28398,286661,181595,105066,170218,116443,323522,74005,139413,18756,54487
393,ORISSA,Balangir,1648997,830097,818900,927260,545672,381588,294777,148356,146421,347164,172489,174675,720601,469956,250645,402227,318374,928396,166565,326416,28650,198970
394,ORISSA,Nuapada,610382,301962,308420,299383,180903,118480,82159,40742,41417,206327,100469,105858,305438,168155,137283,151694,153744,304944,94692,149834,8641,52271
395,ORISSA,Kalahandi,1576869,787101,789768,802036,484177,317859,286580,142133,144447,449456,221171,228285,751930,447290,304640,376757,375173,824939,144991,436733,18453,151753
396,ORISSA,Rayagada,967911,471960,495951,407735,241959,165776,139514,68068,71446,541905,259040,282865,467122,258032,209090,227815,239307,500789,99265,248175,9959,109723
397,ORISSA,Nabarangapur,1220946,604812,616134,470379,286984,183395,177384,88252,89132,681173,335028,346145,610906,342641,268265,279115,331791,610040,173086,328783,14409,94628
398,ORISSA,Koraput,1379647,678809,700838,568090,340843,227247,196540,96789,99751,697583,337373,360210,693406,384053,309353,396460,296946,686241,207194,290626,14416,181170
399,ORISSA,Malkangiri,613192,303624,309568,244706,147001,97705,138295,70052,68243,354614,171717,182897,310666,170495,140171,179030,131636,302526,151260,106353,7725,45328
400,CHHATTISGARH,Koriya,658917,334737,324180,397823,229923,167900,54776,27682,27094,304280,152659,151621,307071,185483,121588,173057,134014,351846,118498,94648,4830,89095
401,CHHATTISGARH,Surguja,2359886,1193129,1166757,1187941,694686,493255,115652,58281,57371,1300628,652799,647829,1155807,649888,505919,622589,533218,1204079,465287,523356,12643,154521
402,CHHATTISGARH,Jashpur,851669,424747,426922,495415,280656,214759,48844,24317,24527,530378,262731,267647,487360,263645,223715,291349,196011,364309,226866,197558,7553,55383
403,CHHATTISGARH,Raigarh,1493984,750278,743706,951639,542756,408883,224942,112111,112831,505609,250473,255136,690167,429211,260956,484875,205292,803817,208313,323788,9959,148107
404,CHHATTISGARH,Korba,1206640,612915,593725,748759,433391,315368,124679,63446,61233,493559,246323,247236,521186,333329,187857,350314,170872,685454,113071,221806,7899,178410
405,CHHATTISGARH,Janjgir - Champa,1619707,815717,803990,1019634,593679,425955,397908,199633,198275,187196,93186,94010,846466,478278,368188,461887,384579,773241,281266,402359,15828,147013
406,CHHATTISGARH,Bilaspur,2663629,1351574,1312055,1596560,932474,664086,552992,281221,271771,498469,248172,250297,1203197,715467,487730,826568,376629,1460432,276691,572292,21658,332556
407,CHHATTISGARH,Kabeerdham,822526,412058,410468,414167,248503,165664,119798,60154,59644,167043,82597,84446,404156,217073,187083,316976,87180,418370,167662,185850,3046,47598
408,CHHATTISGARH,Rajnandgaon,1537133,762855,774278,1008379,561355,447024,156623,76979,79644,405194,198032,207162,800092,436611,363481,595959,204133,737041,342116,290108,10847,157021
409,CHHATTISGARH,Durg,3343872,1682101,1661771,2303378,1284612,1018766,458040,229067,228973,397416,196008,201408,1496805,921729,575076,1206793,290012,1847067,392341,560415,22565,521484
410,CHHATTISGARH,Raipur,4063872,2048186,2015686,2629749,1493158,1136591,724250,362284,361966,476446,235271,241175,1757664,1099964,657700,1259138,498526,2306208,383279,708993,34078,631314
411,CHHATTISGARH,Mahasamund,1032754,511967,520787,637963,364089,273874,139581,68968,70613,279896,137339,142557,499260,291858,207402,340802,158458,533494,139199,278073,6135,75853
412,CHHATTISGARH,Dhamtari,799781,397897,401884,546833,303924,242909,58581,28887,29694,207633,102058,105575,402895,226382,176513,335368,67527,396886,135435,182602,7310,77548
413,CHHATTISGARH,Uttar Bastar Kanker,748941,373338,375603,456042,258298,197744,31543,15582,15961,414770,203934,210836,389359,217513,171846,285536,103823,359582,194018,129142,7811,58388
414,CHHATTISGARH,Bastar,1413199,698487,714712,650863,382335,268528,37963,18815,19148,931780,456841,474939,726531,404364,322167,394824,331707,686668,284472,287828,10821,143410
415,CHHATTISGARH,Narayanpur,139820,70104,69716,56621,33449,23172,4979,2518,2461,108161,53518,54643,71089,38186,32903,42056,29033,68731,44389,13820,939,11941
416,CHHATTISGARH,Dakshin Bastar Dantewada,533638,264142,269496,191237,116529,74708,12996,6648,6348,410255,199731,210524,286595,153294,133301,184285,102310,247043,165389,69385,2310,49511
417,CHHATTISGARH,Bijapur,255230,128663,126567,86919,54076,32843,10122,5145,4977,204189,101519,102670,134525,71591,62934,69338,65187,120705,66504,49859,1399,16763
418,MADHYA PRADESH,Sheopur,687861,361784,326077,328025,208201,119824,108391,57838,50553,161448,82637,78811,277455,183788,93667,196189,81266,410406,106745,115261,4166,51283
419,MADHYA PRADESH,Morena,1965970,1068417,897553,1179685,747652,432033,421519,228548,192971,17030,8947,8083,675993,525329,150664,520970,155023,1289977,304674,148222,16354,206743
420,MADHYA PRADESH,Bhind,1703005,926843,776162,1094917,676513,418404,374799,204212,170587,6131,3283,2848,520768,455775,64993,422111,98657,1182237,231185,158266,9838,121479
421,MADHYA PRADESH,Gwalior,2032036,1090327,941709,1357210,803114,554096,393068,210354,182714,72133,37704,34429,685311,548820,136491,559845,125466,1346725,130586,120348,22592,411785
422,MADHYA PRADESH,Datia,786754,420157,366597,491445,303815,187630,200270,107132,93138,15061,7870,7191,321160,225662,95498,247229,73931,465594,152903,93744,6839,67674
423,MADHYA PRADESH,Shivpuri,1726050,919795,806255,900846,573242,327604,321515,171565,149950,227802,117111,110691,759281,481001,278280,577723,181558,966769,383340,220440,13079,142422
424,MADHYA PRADESH,Tikamgarh,1445166,760355,684811,747940,459353,288587,361604,190666,170938,67857,34923,32934,655318,402776,252542,470432,184886,789848,305859,223852,15622,109985
425,MADHYA PRADESH,Chhatarpur,1762375,936121,826254,943033,572010,371023,405313,215258,190055,73597,38081,35516,751797,481518,270279,553862,197935,1010578,302228,238364,26390,184815
426,MADHYA PRADESH,Panna,1016520,533480,483040,552559,332140,220419,207990,109421,98569,170879,87697,83182,431998,275375,156623,276633,155365,584522,135445,198847,12201,85505
427,MADHYA PRADESH,Sagar,2378458,1256257,1122201,1545719,908607,637112,501630,266306,235324,221936,114771,107165,1006035,682077,323958,779093,226942,1372423,203600,378560,140458,283417
428,MADHYA PRADESH,Damoh,1264219,661873,602346,747715,445737,301978,246337,129877,116460,166295,84809,81486,574595,367711,206884,389993,184602,689624,114611,250165,67383,142436
429,MADHYA PRADESH,Satna,2228935,1157495,1071440,1371781,801051,570730,398569,205987,192582,319975,163166,156809,911349,590487,320862,612510,298839,1317586,227967,371584,46056,265742
430,MADHYA PRADESH,Rewa,2365106,1225100,1140006,1441757,845572,596185,383508,198144,185364,311985,161696,150289,991946,617184,374762,630251,361695,1373160,258321,463506,50878,219241
431,MADHYA PRADESH,Umaria,644758,330674,314084,356672,210907,145765,58147,29902,28245,300687,151988,148699,289691,175698,113993,138600,151091,355067,65369,145690,8767,69865
432,MADHYA PRADESH,Neemuch,826067,422653,403414,508834,307889,200945,111162,56400,54762,71441,36738,34703,418682,245708,172974,358500,60182,407385,175602,136330,4020,102730
433,MADHYA PRADESH,Mandsaur,1340411,682851,657560,834591,502898,331693,249024,126822,122202,33092,17023,16069,679723,397714,282009,535066,144657,660688,281465,266350,8556,123352
434,MADHYA PRADESH,Ratlam,1455069,738241,716828,825880,485090,340790,198612,100629,97983,409865,206290,203575,690980,411446,279534,471139,219841,764089,218692,305946,11928,154414
435,MADHYA PRADESH,Ujjain,1986864,1016289,970575,1240990,730817,510173,523869,267235,256634,48730,24925,23805,897442,569425,328017,682115,215327,1089422,289013,302003,19678,286748
436,MADHYA PRADESH,Shajapur,1512681,780520,732161,894612,543509,351103,353914,182961,170953,37836,19416,18420,717871,431857,286014,508833,209038,794810,287924,303157,8809,117981
437,MADHYA PRADESH,Dewas,1563715,805359,758356,925369,550716,374653,292007,150260,141747,272701,139174,133527,742676,451501,291175,528526,214150,821039,260222,310606,11816,160032
438,MADHYA PRADESH,Dhar,2185793,1112725,1073068,1077338,638479,438859,145436,74291,71145,1222814,614619,608195,1027974,597079,430895,783019,244955,1157819,385522,437437,15830,189185
439,MADHYA PRADESH,Indore,3276697,1699627,1577070,2309130,1289631,1019499,545239,280184,265055,217679,112687,104992,1268195,939055,329140,1137251,130944,2008502,150907,185528,43584,888176
440,MADHYA PRADESH,Khargone (West Nimar),1873046,953121,919925,986234,575428,410806,209091,107013,102078,730169,366827,363342,894119,518254,375865,756735,137384,978927,307085,425712,11524,149798
441,MADHYA PRADESH,Barwani,1385881,699340,686541,549926,313642,236284,87991,44478,43513,962145,482182,479963,653897,365928,287969,525791,128106,731984,287704,267196,7451,91546
442,MADHYA PRADESH,Rajgarh,1545814,790212,755602,804245,488797,315448,295718,151260,144458,53751,27477,26274,745603,429768,315835,471773,273830,800211,285095,330820,12123,117565
443,MADHYA PRADESH,Vidisha,1458875,769568,689307,862918,512344,350574,292144,154504,137640,67603,34993,32610,550402,401583,148819,397283,153119,908473,168615,228308,12408,141071
444,MADHYA PRADESH,Bhopal,2371061,1236130,1134931,1660690,920314,740376,357516,185902,171614,69429,35966,33463,867457,644960,222497,706036,161421,1503604,73346,105195,24732,664184
445,MADHYA PRADESH,Sehore,1311332,683743,627589,780362,469208,311154,271281,141366,129915,145512,74391,71121,586087,364559,221528,372150,213937,725245,201307,227026,9917,147837
446,MADHYA PRADESH,Raisen,1331597,700358,631239,820220,479093,341127,225891,119226,106665,205006,105627,99379,517838,370366,147472,370241,147597,813759,138725,228151,17316,133646
447,MADHYA PRADESH,Betul,1575362,799236,776126,939769,529783,409986,159296,81621,77675,667018,333166,333852,786980,453887,333093,511287,275693,788382,253602,358157,11849,163372
448,MADHYA PRADESH,Harda,570465,294838,275627,352550,203807,148743,92865,48553,44312,159678,81446,78232,230979,156852,74127,163781,67198,339486,68019,101256,6459,55245
449,MADHYA PRADESH,Hoshangabad,1241350,648725,592625,810644,469199,341445,205007,107237,97770,197300,101041,96259,478082,345435,132647,361648,116434,763268,116440,181967,9982,169693
450,MADHYA PRADESH,Katni,1292042,662013,630029,790773,460583,330190,155717,79369,76348,317699,159799,157900,543874,348410,195464,316144,227730,748168,112812,223902,31261,175899
451,MADHYA PRADESH,Jabalpur,2463289,1277278,1186011,1756468,980307,776161,348029,179858,168171,375231,189915,185316,1005624,705970,299654,744287,261337,1457665,106882,283636,69946,545160
452,MADHYA PRADESH,Narsimhapur,1091854,568810,523044,718785,413491,305294,184155,96079,88076,145879,74127,71752,477818,323464,154354,358203,119615,614036,113866,257865,10594,95493
453,MADHYA PRADESH,Dindori,704524,351913,352611,378714,222759,155955,39782,20366,19416,455789,225699,230090,389925,203383,186542,250137,139788,314599,150084,190962,7958,40921
454,MADHYA PRADESH,Mandla,1054905,525272,529633,604962,348033,256929,48425,24652,23773,610528,299918,310610,559649,300235,259414,325159,234490,495256,148931,318909,9453,82356
455,MADHYA PRADESH,Chhindwara,2090922,1064468,1026454,1294198,731294,562904,232244,118465,113779,769778,385785,383993,957984,582263,375721,673845,284139,1132938,283111,422668,14585,237620
456,MADHYA PRADESH,Seoni,1379131,695879,683252,864194,485341,378853,130797,66830,63967,519856,258121,261735,684434,394660,289774,397575,286859,694697,173665,376404,11957,122408
457,MADHYA PRADESH,Balaghat,1701698,842178,859520,1147623,626468,521155,125426,61576,63850,383026,186979,196047,893014,488610,404404,530506,362508,808684,257785,459796,19245,156188
458,MADHYA PRADESH,Guna,1241519,649362,592157,653980,400537,253443,193115,100646,92469,190819,98206,92613,514897,335454,179443,353671,161226,726622,213949,175615,12079,113254
459,MADHYA PRADESH,Ashoknagar,845071,443837,401234,469109,290304,178805,175764,92216,83548,82072,42447,39625,315270,231829,83441,241288,73982,529801,116913,122387,10559,65411
460,MADHYA PRADESH,Shahdol,1066063,540021,526042,604194,348761,255433,89733,45547,44186,476008,236947,239061,493057,292402,200655,240811,252246,573006,95795,258991,14329,123942
461,MADHYA PRADESH,Anuppur,749237,379114,370123,436595,254120,182475,74385,37841,36544,358543,177977,180566,346471,207401,139070,227040,119431,402766,115448,130376,7051,93596
462,MADHYA PRADESH,Sidhi,1127033,575912,551121,600785,353030,247755,130202,66174,64028,313304,159192,154112,461760,284289,177471,275482,186278,665273,102644,262030,15654,81432
463,MADHYA PRADESH,Singrauli,1178273,613637,564636,585054,359923,225131,150664,77882,72782,383994,196133,187861,499439,304234,195205,348393,151046,678834,147732,228472,8856,114379
464,MADHYA PRADESH,Jhabua,1025048,515023,510025,352081,214582,137499,17427,8770,8657,891818,446359,445459,515121,265489,249632,370641,144480,509927,329175,115649,5132,65165
465,MADHYA PRADESH,Alirajpur,728999,362542,366457,209754,120905,88849,26877,13481,13396,648638,321842,326796,366797,188698,178099,265029,101768,362202,256393,73693,4066,32645
466,MADHYA PRADESH,Khandwa (East Nimar),1310061,674329,635732,731615,432259,299356,156601,80697,75904,459122,234867,224255,612976,369676,243300,492393,120583,697085,179337,306623,9852,117164
467,MADHYA PRADESH,Burhanpur,757847,388504,369343,408679,233073,175606,64254,33037,31217,230095,116420,113675,328339,211925,116414,274900,53439,429508,67799,156295,8077,96168
468,GUJARAT,Kachchh,2092371,1096737,995634,1252319,739239,513080,258859,133224,125635,24228,12825,11403,776228,624704,151524,686937,89291,1316143,105876,183971,10802,475579
469,GUJARAT,Banas Kantha,3120506,1610379,1510127,1704923,1048402,656521,327460,169288,158172,284155,144355,139800,1248600,836268,412332,1012080,236520,1871906,475585,350541,11812,410662
470,GUJARAT,Patan,1343734,694397,649337,837913,494631,343282,123408,64190,59218,13303,6835,6468,554830,383074,171756,446240,108590,788904,136590,227080,6392,184768
471,GUJARAT,Mahesana,2035064,1056520,978544,1502645,847499,655146,162288,84470,77818,9392,4879,4513,812064,588699,223365,698768,113296,1223000,189760,242969,10282,369053
472,GUJARAT,Sabar Kantha,2428589,1244231,1184358,1578734,918625,660109,187685,96527,91158,542156,272531,269625,1084878,681435,403443,795096,289782,1343711,366711,333867,10909,373391
473,GUJARAT,Gandhinagar,1391753,723864,667889,1030494,582686,447808,108608,56919,51689,18204,9711,8493,534976,408075,126901,451951,83025,856777,104147,129356,8600,292873
474,GUJARAT,Ahmadabad,7214225,3788051,3426174,5435760,3025463,2410297,759483,399075,360408,89138,47106,42032,2594952,2127547,467405,2332409,262543,4619273,142670,268954,54876,2128452
475,GUJARAT,Surendranagar,1756268,909917,846351,1093626,643221,450405,179461,93427,86034,21453,11068,10385,723500,504038,219462,586364,137136,1032768,185235,270861,9518,257886
476,GUJARAT,Rajkot,3804558,1974445,1830113,2725056,1514075,1210981,290169,149782,140387,24017,12504,11513,1479050,1159480,319570,1324783,154267,2325508,349357,214285,23780,891628
477,GUJARAT,Jamnagar,2160119,1114192,1045927,1396534,795140,601394,173895,89597,84298,24187,12415,11772,847440,646822,200618,721253,126187,1312679,264318,147193,11359,424570
478,GUJARAT,Porbandar,585449,300209,285240,393678,221621,172057,51830,26607,25223,13039,6730,6309,231169,174118,57051,195437,35732,354280,65702,48964,2371,114132
479,GUJARAT,Junagadh,2743082,1404356,1338726,1842818,1046981,795837,265793,136319,129474,55571,28463,27108,1123709,801859,321850,942709,181000,1619373,367311,333996,9645,412757
480,GUJARAT,Amreli,1514190,771049,743141,995459,558180,437279,132915,68518,64397,7322,3856,3466,657139,453642,203497,529153,127986,857051,232126,209935,6083,208995
481,GUJARAT,Bhavnagar,2880365,1490201,1390164,1887255,1087371,799884,157034,80827,76207,9110,4751,4359,1150632,838781,311851,992140,158492,1729733,231796,334025,17996,566815
482,GUJARAT,Anand,2092745,1087224,1005521,1551253,874481,676772,104465,54476,49989,24824,12761,12063,844794,627561,217233,690031,154763,1247951,152412,346329,16460,329593
483,GUJARAT,Kheda,2299885,1185727,1114158,1660243,942480,717763,115631,59734,55897,40336,21057,19279,933983,674586,259397,722134,211849,1365902,239241,359842,12455,322445
484,GUJARAT,Panch Mahals,2390776,1226961,1163815,1440805,858054,582751,100446,51278,49168,721604,368348,353256,1097507,673565,423942,685141,412366,1293269,456768,376038,10771,253930
485,GUJARAT,Dohad,2127086,1068651,1058435,1007171,599035,408136,41444,20680,20764,1580850,793305,787545,999124,540881,458243,553395,445729,1127962,388612,438597,8815,163100
486,GUJARAT,Vadodara,4165626,2153736,2011890,2893080,1614087,1278993,221629,114602,107027,1149901,586665,563236,1693473,1233312,460161,1360660,332813,2472153,312126,570361,17680,793306
487,GUJARAT,Narmada,590297,301086,289211,370336,211767,158569,8733,4465,4268,481392,244524,236868,294795,174282,120513,193916,100879,295502,62823,188030,2594,41348
488,GUJARAT,Bharuch,1551019,805707,745312,1118276,623047,495229,62235,31979,30256,488194,250398,237796,627124,468919,158205,526541,100583,923895,78120,253577,8902,286525
489,GUJARAT,The Dangs,228291,113821,114470,140968,77314,63654,992,490,502,216073,107539,108534,118257,61329,56928,88038,30219,110034,64561,40486,1172,12038
490,GUJARAT,Navsari,1329672,678165,651507,1001909,539471,462438,35464,17959,17505,639659,319740,319919,591834,407881,183953,510004,81830,737838,112809,206608,7173,265244
491,GUJARAT,Valsad,1705678,887222,818456,1170657,655528,515129,38237,19557,18680,902794,450976,451818,743245,516188,227057,577327,165918,962433,147569,183025,11833,400818
492,GUJARAT,Surat,6081322,3402224,2679098,4571410,2687468,1883942,158115,82202,75913,856952,432089,424863,2553542,2142819,410723,2405288,148254,3527780,109549,325739,42040,2076214
493,GUJARAT,Tapi,807022,402188,404834,490036,269007,221029,8168,4139,4029,679320,335958,343362,450902,251049,199853,337579,113323,356120,105726,254786,9679,80711
494,DAMAN AND DIU,Diu,52074,25642,26432,38058,20327,17731,1862,927,935,123,69,54,15750,12932,2818,14718,1032,36324,471,291,275,14713
495,DAMAN AND DIU,Daman,191173,124659,66514,150348,104316,46032,4262,2224,2038,15240,7702,7538,105521,94502,11019,101717,3804,85652,1845,481,409,102786
496,DADRA AND NAGAR HAVELI,Dadra AND Nagar Haveli,343709,193760,149949,223230,142521,80709,6186,3339,2847,178564,88844,89720,157161,119293,37868,130299,26862,186548,28164,17799,2195,109003
497,MAHARASHTRA,Nandurbar,1648295,833170,815125,906509,512099,394410,47985,24273,23712,1141933,568026,573907,792065,442898,349167,664193,127872,856230,211672,438176,14599,127618
498,MAHARASHTRA,Dhule,2050862,1054031,996831,1293916,723388,570528,127571,65068,62503,647315,327034,320281,936370,570448,365922,825875,110495,1114492,239139,429536,20646,247049
499,MAHARASHTRA,Jalgaon,4229917,2197365,2032552,2891882,1629223,1262659,389273,199427,189846,604367,310150,294217,1863571,1186472,677099,1643955,219616,2366346,384359,937174,38930,503108
500,MAHARASHTRA,Buldana,2586258,1337560,1248698,1879874,1048892,830982,470895,241445,229450,124837,64153,60684,1219641,734024,485617,1107542,112099,1366617,385447,603227,13770,217197
501,MAHARASHTRA,Akola,1813906,932334,881572,1411281,758977,652304,364059,186244,177815,100280,51359,48921,768154,520362,247792,691025,77129,1045752,129680,388521,9660,240293
502,MAHARASHTRA,Washim,1197160,620302,576858,869917,487703,382214,229462,117867,111595,80471,41403,39068,569792,340353,229439,502755,67037,627368,165598,310195,7122,86877
503,MAHARASHTRA,Amravati,2888445,1480768,1407677,2251875,1207104,1044771,506374,259398,246976,404128,205834,198294,1236322,837577,398745,1061544,174778,1652123,198793,667943,20998,348588
504,MAHARASHTRA,Wardha,1300774,668385,632389,1019458,552617,466841,188830,96569,92261,149507,76698,72809,608235,392316,215919,529623,78612,692539,132989,282170,13785,179291
505,MAHARASHTRA,Nagpur,4653570,2384975,2268595,3673808,1959220,1714588,867713,439205,428508,437571,223566,214005,1868560,1334211,534349,1654778,213782,2785010,206606,423587,52419,1185948
506,MAHARASHTRA,Bhandara,1200334,605520,594814,899860,488709,411151,200372,100421,99951,88886,44515,44371,597305,345054,252251,413838,183467,603029,123099,312183,17169,144854
507,MAHARASHTRA,Gondiya,1322507,661554,660953,1004243,542837,461406,175961,87434,88527,214253,105944,108309,665419,383151,282268,433962,231457,657088,186509,281414,32525,164971
508,MAHARASHTRA,Gadchiroli,1072942,541328,531614,708365,395110,313255,120745,61041,59704,415306,207377,207929,584237,323338,260899,392886,191351,488705,225358,247813,11321,99745
509,MAHARASHTRA,Chandrapur,2204307,1123834,1080473,1578615,872565,706050,348365,176898,171467,389441,196753,192688,1058172,648565,409607,804433,253739,1146135,220978,473983,21346,341865
510,MAHARASHTRA,Yavatmal,2772348,1419965,1352383,2022574,1115980,906594,328518,167009,161509,514057,260896,253161,1355999,815475,540524,1195100,160899,1416349,333504,739718,17899,264878
511,MAHARASHTRA,Nanded,3361292,1730075,1631217,2189425,1255222,934203,640483,328797,311686,281695,143892,137803,1493953,925232,568721,1317791,176162,1867339,447823,632395,29158,384577
512,MAHARASHTRA,Hingoli,1177345,606294,571051,790743,450551,340192,182565,93379,89186,111954,57674,54280,569182,330903,238279,514371,54811,608163,241613,226483,8268,92818
513,MAHARASHTRA,Parbhani,1836086,942870,893216,1157814,666291,491523,247308,125883,121425,40514,20570,19944,822797,501422,321375,756417,66380,1013289,295030,317806,13210,196751
514,MAHARASHTRA,Jalna,1959046,1011473,947573,1195523,699428,496095,272266,138957,133309,42263,21988,20275,930886,545030,385856,844492,86394,1028160,418952,300937,16705,194292
515,MAHARASHTRA,Aurangabad,3701282,1924469,1776813,2503837,1430936,1072901,539368,277228,262140,143366,73876,69490,1575079,1015864,559215,1446636,128443,2126203,554518,396630,28033,595898
516,MAHARASHTRA,Nashik,6107187,3157186,2950001,4345366,2397538,1947828,554687,282213,272474,1564369,792547,771822,2763328,1746286,1017042,2523023,240305,3343859,967385,730228,56132,1009583
517,MAHARASHTRA,Thane,11060148,5865078,5195070,8227161,4591396,3635765,730089,377885,352204,1542451,769192,773259,4492767,3363123,1129644,3930511,562256,6567381,349931,418004,124461,3600371
518,MAHARASHTRA,Mumbai Suburban,9356962,5031323,4325639,7575485,4223029,3352456,583302,300291,283011,104560,55033,49527,3735021,2944322,790699,3515922,219099,5621941,16086,20722,118816,3579397
519,MAHARASHTRA,Mumbai,3085411,1684608,1400803,2509022,1410680,1098342,219934,111564,108370,25093,13488,11605,1284396,1021009,263387,1209334,75062,1801015,6051,5745,45538,1227062
520,MAHARASHTRA,Raigarh,2634200,1344345,1289855,1939994,1059692,880302,134952,67980,66972,305125,153657,151468,1072969,753843,319126,858825,214144,1561231,206975,191182,32919,641893
521,MAHARASHTRA,Pune,9429408,4924105,4505303,7171723,3940210,3231513,1180703,602755,577948,348876,179132,169744,4048993,2809816,1239177,3751221,297772,5380415,886530,414461,105711,2642291
522,MAHARASHTRA,Ahmadnagar,4543159,2342825,2200334,3151890,1773355,1378535,573698,291521,282177,378230,191165,187065,2204590,1300309,904281,2039455,165135,2338569,1013050,559009,57156,575375
523,MAHARASHTRA,Bid,2585049,1349106,1235943,1718507,987185,731322,351254,179777,171477,32722,16806,15916,1255548,727819,527729,1154708,100840,1329501,606280,373566,21093,254609
524,MAHARASHTRA,Latur,2454196,1273140,1181056,1650672,932432,718240,480913,247918,232995,57488,29872,27616,1046857,670018,376839,964177,82680,1407339,331780,416578,17663,280836
525,MAHARASHTRA,Osmanabad,1657576,861535,796041,1137810,644304,493506,265184,136354,128830,36039,18569,17470,773916,473795,300121,701894,72022,883660,297361,299525,19831,157199
526,MAHARASHTRA,Solapur,4317756,2227852,2089904,2910676,1651266,1259410,649745,331960,317785,77592,39785,37807,1898395,1206933,691462,1763175,135220,2419361,637250,558334,71106,631705
527,MAHARASHTRA,Satara,3003741,1510842,1492899,2225694,1201034,1024660,323236,161703,161533,29635,15210,14425,1354947,844805,510142,1184407,170540,1648794,585876,297241,39772,432058
528,MAHARASHTRA,Ratnagiri,1615069,761121,853948,1199392,619012,580380,66948,31967,34981,20374,10402,9972,714076,407008,307068,554973,159103,900993,296913,153117,17230,246816
529,MAHARASHTRA,Sindhudurg,849651,417332,432319,666067,348289,317778,55586,26830,28756,6976,3575,3401,347178,229676,117502,226538,120640,502473,124812,81816,9679,130871
530,MAHARASHTRA,Kolhapur,3876001,1980658,1895343,2825845,1559760,1266085,504461,253390,251071,30206,15478,14728,1704054,1125204,578850,1508563,195491,2171947,660872,266028,59932,717222
531,MAHARASHTRA,Sangli,2822143,1435728,1386415,2049467,1121550,927917,353093,177108,175985,18333,9406,8927,1215104,800214,414890,1074948,140156,1607039,480554,290693,40824,403033
532,ANDHRA PRADESH,Adilabad,2741239,1369597,1371642,1483347,856350,626997,488596,242844,245752,495794,247472,248322,1323667,748939,574728,1066460,257207,1417572,363737,484912,84661,390357
533,ANDHRA PRADESH,Nizamabad,2551335,1250641,1300694,1389810,790214,599596,371074,178798,192276,192941,95679,97262,1261076,684320,576756,1055965,205111,1290259,278102,448281,171311,363382
534,ANDHRA PRADESH,Karimnagar,3776269,1880800,1895469,2206829,1257238,949591,709757,352481,357276,106745,53495,53250,1876768,1049463,827305,1590304,286464,1899501,360390,756859,168340,591179
535,ANDHRA PRADESH,Medak,3033288,1523030,1510258,1637137,953406,683731,537947,266413,271534,168985,86574,82411,1442203,837874,604329,1195494,246709,1591085,353221,571129,67642,450211
536,ANDHRA PRADESH,Hyderabad,3943323,2018575,1924748,2892155,1542688,1349467,247927,124313,123614,48937,25556,23381,1413297,1045585,367712,1096081,317216,2530026,28308,23029,46157,1315803
537,ANDHRA PRADESH,Rangareddy,5296741,2701008,2595733,3538028,1948784,1589244,652042,328011,324031,218757,112768,105989,2196078,1488916,707162,1834777,361301,3100663,270925,349032,73387,1502734
538,ANDHRA PRADESH,Mahbubnagar,4053028,2050386,2002642,1940646,1158386,782260,708954,356099,352855,364269,187035,177234,2082501,1140067,942434,1815643,266858,1970527,569142,931084,57846,524429
539,ANDHRA PRADESH,Nalgonda,3488809,1759772,1729037,2001019,1160757,840262,637385,318359,319026,394279,203876,190403,1741693,976428,765265,1493419,248274,1747116,325224,863131,45124,508214
540,ANDHRA PRADESH,Warangal,3512576,1759281,1753295,2065023,1179790,885233,616102,307709,308393,530656,268976,261680,1705655,960926,744729,1442197,263458,1806921,401646,758092,43550,502367
541,ANDHRA PRADESH,Khammam,2797370,1390988,1406382,1630234,901640,728594,462896,229905,232991,765565,378532,387033,1410062,802906,607156,1215871,194191,1387308,224972,804537,19799,360754
542,ANDHRA PRADESH,Srikakulam,2703114,1341738,1361376,1495381,857824,637557,255664,125214,130450,166118,81382,84736,1290288,766483,523805,936244,354044,1412826,165317,700833,34479,389659
543,ANDHRA PRADESH,Vizianagaram,2344474,1161477,1182997,1238388,707503,530885,247728,121493,126235,235556,114687,120869,1157962,679289,478673,953215,204747,1186512,212285,557254,27469,360954
544,ANDHRA PRADESH,Visakhapatnam,4290589,2138910,2151679,2568249,1422878,1145371,329486,162873,166613,618500,302905,315595,1889879,1239064,650815,1481139,408740,2400710,322164,578949,54545,934221
545,ANDHRA PRADESH,East Godavari,5154296,2569688,2584608,3288577,1716933,1571644,945269,468883,476386,213195,104422,108773,2093681,1545831,547850,1748117,345564,3060615,160407,1122046,57853,753375
546,ANDHRA PRADESH,West Godavari,3936966,1964918,1972048,2652389,1379223,1273166,811698,403693,408005,109072,53367,55705,1773112,1199338,573774,1534166,238946,2163854,155275,1061787,33861,522189
547,ANDHRA PRADESH,Krishna,4517398,2267375,2250023,3009718,1598959,1410759,871063,435412,435651,132464,66734,65730,2048880,1327299,721581,1744978,303902,2468518,150166,1006976,48444,843294
548,ANDHRA PRADESH,Guntur,4887813,2440521,2447292,2960441,1634726,1325715,957407,476333,481074,247089,125105,121984,2381624,1442370,939254,2106326,275298,2506189,302341,1227956,47436,803891
549,ANDHRA PRADESH,Prakasam,3397448,1714764,1682684,1904435,1107686,796749,787861,397242,390619,151145,76677,74468,1700567,991842,708725,1463508,237059,1696881,280029,889218,42603,488717
550,ANDHRA PRADESH,Sri Potti Sriramulu Nellore,2963557,1492974,1470583,1832189,1011922,820267,666588,332673,333915,285997,145168,140829,1314561,859880,454681,1076544,238017,1648996,165513,625262,35403,488383
551,ANDHRA PRADESH,Y.S.R.,2882469,1451777,1430692,1716766,994699,722067,465794,232123,233671,75886,38571,37315,1320404,823886,496518,1079903,240501,1562065,243607,542455,55824,478518
552,ANDHRA PRADESH,Kurnool,4053463,2039227,2014236,2127161,1246369,880792,737945,370215,367730,82831,42052,40779,2029425,1164122,865303,1757520,271905,2024038,310954,1037302,60791,620378
553,ANDHRA PRADESH,Anantapur,4081148,2064495,2016653,2310960,1338474,972486,583135,292379,290756,154127,78573,75554,2036166,1208544,827622,1679655,356511,2044982,413253,879537,105343,638033
554,ANDHRA PRADESH,Chittoor,4174064,2090204,2083860,2667878,1484794,1183084,785760,389582,396178,159165,79756,79409,1933357,1202223,731134,1669852,263505,2240707,434544,748093,57269,693451
555,KARNATAKA,Belgaum,4779661,2423063,2356598,3052032,1725548,1326484,577418,289096,288322,297198,148673,148525,2105668,1372422,733246,1734501,371167,2673993,711980,649517,60342,683829
556,KARNATAKA,Bagalkot,1889752,950111,939641,1113412,641388,472024,319149,158135,161014,97203,48470,48733,818081,511575,306506,676407,141674,1071671,196199,303243,44797,273842
557,KARNATAKA,Bijapur,2177331,1111022,1066309,1248268,730566,517702,442773,226440,216333,39314,19912,19402,927722,580111,347611,760083,167639,1249609,262217,351600,25379,288526
558,KARNATAKA,Bidar,1703300,870665,832635,1042673,597198,445475,399785,204280,195505,235822,119787,116035,702608,459050,243558,551763,150845,1000692,141302,280091,18095,263120
559,KARNATAKA,Raichur,1928812,964511,964301,979769,577213,402556,400933,200359,200574,367071,182101,184970,903413,530373,373040,725985,177428,1025399,245299,383526,19095,255493
560,KARNATAKA,Koppal,1389920,699926,689994,809085,468785,340300,258608,129341,129267,164271,82761,81510,654766,387974,266792,508089,146677,735154,163413,273016,18794,199543
561,KARNATAKA,Gadag,1064570,537147,527423,700177,397178,302999,174196,87745,86451,61654,30975,30679,495722,310412,185310,423451,72271,568848,127441,200310,15485,152486
562,KARNATAKA,Dharwad,1847023,937206,909817,1301664,711776,589888,177855,89137,88718,87548,44173,43375,784833,543776,241057,690948,93885,1062190,164279,207642,16463,396449
563,KARNATAKA,Uttara Kannada,1437169,726256,710913,1081906,582099,499807,116431,57841,58590,34239,17095,17144,608526,430565,177961,498304,110222,828643,111581,116336,9492,371117
564,KARNATAKA,Haveri,1597668,819128,778540,1085443,603793,481650,219976,112212,107764,141380,72109,69271,730066,490731,239335,601951,128115,867602,203055,311263,20217,195531
565,KARNATAKA,Bellary,2452595,1236954,1215641,1421621,813440,608181,517409,258582,258827,451406,225451,225955,1116880,703258,413622,969388,147492,1335715,258080,406092,22832,429876
566,KARNATAKA,Chitradurga,1659456,840843,818613,1087392,607188,480204,389117,196819,192298,302554,152939,149615,856587,513311,343276,667479,189108,802869,286245,294337,26235,249770
567,KARNATAKA,Davanagere,1945497,986400,959097,1308540,720637,587903,392595,198299,194296,233112,117808,115304,875207,585639,289568,705099,170108,1070290,230846,295873,31438,317050
568,KARNATAKA,Shimoga,1752753,877415,875338,1263016,674938,588078,308158,153546,154612,65412,32707,32705,780598,534487,246111,652789,127809,972155,204493,246464,15087,314554
569,KARNATAKA,Udupi,1177361,562131,615230,926429,465704,460725,75429,36988,38441,52897,26228,26669,513241,335399,177842,459446,53795,664120,63143,63390,10580,376128
570,KARNATAKA,Chikmagalur,1137961,566622,571339,818345,438257,380088,253651,125016,128635,44970,21990,22980,565774,357889,207885,480229,85545,572187,155392,126600,8873,274909
571,KARNATAKA,Tumkur,2678980,1350594,1328386,1813391,1006024,807367,506901,254535,252366,209559,105265,104294,1354646,837512,517134,1078431,276215,1324334,505910,352286,54523,441927
572,KARNATAKA,Bangalore,9621551,5022661,4598890,7512276,4078041,3434235,1198385,607725,590660,190239,99164,91075,4246927,3115361,1131566,3858342,388585,5374624,95619,97914,108898,3944496
573,KARNATAKA,Mandya,1805769,905085,900684,1149649,638668,510981,265294,131675,133619,22402,11310,11092,871408,575203,296205,714901,156507,934361,388981,216159,17834,248434
574,KARNATAKA,Hassan,1776421,883667,892754,1225256,668836,556420,345031,169961,175070,32329,15986,16343,903580,560452,343128,752387,151193,872841,437034,165910,16126,284510
575,KARNATAKA,Dakshina Kannada,2089649,1034714,1054935,1666323,864019,802304,148178,73324,74854,82268,40961,41307,997721,620903,376818,914476,83245,1091928,33810,29274,188207,746430
576,KARNATAKA,Kodagu,554519,274608,279911,412877,215302,197575,73584,35759,37825,58054,28510,29544,278938,172100,106838,258753,20185,275581,21174,15153,1549,241062
577,KARNATAKA,Mysore,3001127,1511600,1489527,1962180,1063766,898414,536643,269331,267312,334547,166697,167850,1314268,921803,392465,1082108,232160,1686859,349337,311002,28162,625767
578,KARNATAKA,Chamarajanagar,1020791,512231,508560,565279,312957,252322,259445,130894,128551,120219,59369,60850,481693,324326,157367,381408,100285,539098,113105,214303,14007,140278
579,KARNATAKA,Gulbarga,2566326,1301755,1264571,1427368,828359,599009,648782,330091,318691,65259,32830,32429,1087028,680001,407027,844237,242791,1479298,220198,415267,25891,425672
580,KARNATAKA,Yadgir,1174271,590329,583942,510003,306751,203252,273315,137204,136111,146849,73564,73285,547696,317135,230561,437241,110455,626575,159333,234655,13192,140516
581,KARNATAKA,Kolar,1536401,776396,760005,1016219,564110,452109,465867,232546,233321,78875,39997,38878,717872,454048,263824,584590,133282,818529,183057,201233,24178,309404
582,KARNATAKA,Chikkaballapura,1255104,636437,618667,783222,442158,341064,312565,157628,154937,156487,79156,77331,639778,384452,255326,535565,104213,615326,212226,206939,20276,200337
583,KARNATAKA,Bangalore Rural,990923,509172,481751,688749,385311,303438,213700,107424,106276,52903,27147,25756,459891,315499,144392,389989,69902,531032,127770,84108,19457,228556
584,KARNATAKA,Ramanagara,1082636,548008,534628,674758,378461,296297,203819,102612,101207,22946,11619,11327,531459,344349,187110,458841,72618,551177,208130,102460,17723,203146
585,GOA,North Goa,818008,416677,401331,663060,351738,311322,17606,8712,8894,56606,27824,28782,327658,239125,88533,269437,58221,490350,15402,14120,8862,289274
586,GOA,South Goa,640537,322463,318074,502427,264085,238342,7843,3915,3928,92669,45124,47545,249590,180411,69179,206616,42974,390947,15952,12640,5846,215152
587,LAKSHADWEEP,Lakshadweep,64473,33123,31350,52553,28023,24530,0,0,0,61120,30515,30605,18753,15318,3435,10804,7949,45720,0,0,264,18489
588,KERALA,Kasaragod,1307375,628613,678762,1037492,516476,521016,53283,26385,26898,48857,23950,24907,462998,325095,137903,372700,90298,844377,23732,38774,24496,375996
589,KERALA,Kannur,2523003,1181446,1341557,2138434,1012956,1125478,83350,40260,43090,41371,20141,21230,824116,609377,214739,694209,129907,1698887,36549,82988,12875,691704
590,KERALA,Wayanad,817420,401684,415736,645585,328136,317449,32578,16406,16172,151443,74476,76967,340077,228639,111438,263445,76632,477343,52759,101630,4574,181114
591,KERALA,Kozhikode,3086293,1470942,1615351,2615443,1266939,1348504,199191,97279,101912,15228,7429,7799,948981,752333,196648,754187,194794,2137312,26543,64198,13312,844928
592,KERALA,Malappuram,4112920,1960328,2152592,3311315,1597404,1713911,308266,151557,156709,22990,11272,11718,1062424,898157,164267,852047,210377,3050496,57567,117405,18423,869029
593,KERALA,Palakkad,2809934,1359478,1450456,2239492,1122600,1116892,403833,197451,206382,48972,24314,24658,1042340,746121,296219,875540,166800,1767594,67805,249949,25035,699551
594,KERALA,Thrissur,3121200,1480763,1640437,2678548,1282261,1396287,324350,156480,167870,9430,4362,5068,1095727,789511,306216,929506,166221,2025473,41786,73941,27883,952117
595,KERALA,Ernakulam,3282388,1619557,1662831,2855676,1425723,1429953,268411,131573,136838,16559,8349,8210,1249343,913249,336094,1061388,187955,2033045,50423,71391,23976,1103553
596,KERALA,Idukki,1108974,552808,556166,923010,471881,451129,145486,72399,73087,55815,27995,27820,516363,331710,184653,415947,100416,592611,100917,145698,6888,262860
597,KERALA,Kottayam,1974551,968289,1006262,1749798,861592,888206,153909,75503,78406,21972,10974,10998,735735,530322,205413,604553,131182,1238816,49991,63052,18523,604169
598,KERALA,Alappuzha,2127789,1013142,1114647,1852797,890552,962245,201211,97183,104028,6574,3175,3399,804471,536738,267733,596387,208084,1323318,25237,71706,35865,671663
599,KERALA,Pathanamthitta,1197412,561716,635696,1062553,499181,563372,164465,78942,85523,8108,3947,4161,392794,281854,110940,293257,99537,804618,41414,55455,11074,284851
600,KERALA,Kollam,2635375,1246968,1388407,2240273,1074345,1165928,328263,157801,170462,10761,5195,5566,912025,644362,267663,695299,216726,1723350,56693,92193,21511,741628
601,KERALA,Thiruvananthapuram,3301427,1581678,1719749,2785408,1354857,1430551,372977,178589,194388,26759,12624,14135,1231669,864101,367568,921282,310387,2069758,38837,94470,28587,1069775
602,TAMIL NADU,Thiruvallur,3728104,1876062,1852042,2791721,1495711,1296010,821646,410526,411120,47243,23692,23551,1538054,1103563,434491,1247918,290136,2190050,73444,270586,58240,1135784
603,TAMIL NADU,Chennai,4646732,2335844,2310888,3776276,1968079,1808197,779667,389001,390666,10061,5207,4854,1817297,1369302,447995,1619554,197743,2829435,14454,13674,37345,1751824
604,TAMIL NADU,Kancheepuram,3998252,2012958,1985294,3013382,1611461,1401921,948081,474264,473817,41210,20605,20605,1673814,1181308,492506,1367378,306436,2324438,89343,272514,54732,1257225
605,TAMIL NADU,Vellore,3936331,1961688,1974643,2773928,1504355,1269573,860212,424668,435544,72955,36663,36292,1689330,1123874,565456,1360185,329145,2247001,175108,391955,136415,985852
606,TAMIL NADU,Tiruvannamalai,2464875,1235889,1228986,1626813,909803,717010,565329,282615,282714,90954,45956,44998,1238177,738995,499182,970072,268105,1226698,292641,525063,46720,373753
607,TAMIL NADU,Viluppuram,3458873,1740819,1718054,2195776,1234479,961297,1015716,510869,504847,74859,37570,37289,1703249,1017383,685866,1260802,442447,1755624,369646,832213,38237,463153
608,TAMIL NADU,Salem,3482056,1781571,1700485,2285562,1285107,1000455,580512,294062,286450,119369,60489,58880,1694160,1083797,610363,1561030,133130,1787896,257004,454210,141503,841443
609,TAMIL NADU,Namakkal,1726601,869280,857321,1176131,653312,522819,345392,173973,171419,57059,29383,27676,898245,531463,366782,839152,59093,828356,158473,253726,38797,447249
610,TAMIL NADU,Erode,2251744,1129868,1121876,1492662,828300,664362,369483,184408,185075,21880,11024,10856,1195773,732083,463690,1111051,84722,1055971,178170,370212,54322,593069
611,TAMIL NADU,The Nilgiris,735394,360143,375251,569647,299447,270200,235878,115917,119961,32813,16091,16722,349974,212172,137802,318924,31050,385420,15645,79100,3895,251334
612,TAMIL NADU,Dindigul,2159775,1080938,1078837,1481834,816180,665654,452376,225573,226803,8064,4095,3969,1105155,665469,439686,963017,142138,1054620,165405,467959,30829,440962
613,TAMIL NADU,Karur,1064493,528184,536309,727044,401726,325318,221385,108809,112576,575,297,278,543298,329034,214264,508507,34791,521195,85872,200837,11340,245249
614,TAMIL NADU,Tiruchirappalli,2722290,1352284,1370006,2038981,1087765,951216,466561,230790,235771,18198,9414,8784,1213979,789206,424773,1082329,131650,1508311,170669,378782,30386,634142
615,TAMIL NADU,Perambalur,565223,282157,283066,375823,208011,167812,175289,87444,87845,2584,1292,1292,299726,162639,137087,255097,44629,265497,117304,118278,5343,58801
616,TAMIL NADU,Ariyalur,754894,374703,380191,480604,269582,211022,176230,88076,88154,10722,5274,5448,359851,212547,147304,272241,87610,395043,107312,166837,13564,72138
617,TAMIL NADU,Cuddalore,2605914,1311697,1294217,1815281,1000322,814959,763944,383943,380001,15702,7943,7759,1169880,749633,420247,837271,332609,1436034,165170,539412,32027,433271
618,TAMIL NADU,Nagapattinam,1616450,798127,818323,1213008,640916,572092,509767,252332,257435,3756,1847,1909,671994,461174,210820,486328,185666,944456,67482,345057,11555,247900
619,TAMIL NADU,Thiruvarur,1264277,626693,637584,946471,503085,443386,430927,214717,216210,3034,1466,1568,540168,369853,170315,412425,127743,724109,69883,295188,10440,164657
620,TAMIL NADU,Thanjavur,2405890,1182416,1223474,1790998,944264,846734,455062,225859,229203,3561,1739,1822,974079,680483,293596,834484,139595,1431811,129913,415361,31200,397605
621,TAMIL NADU,Pudukkottai,1618345,803188,815157,1110545,608776,501769,284804,141428,143376,1283,647,636,761693,471099,290594,640248,121445,856652,209270,305149,13941,233333
622,TAMIL NADU,Sivaganga,1339101,668672,670429,959744,526304,433440,227746,113599,114147,790,394,396,620171,391305,228866,461102,159069,718930,141003,199563,14656,264949
623,TAMIL NADU,Madurai,3038252,1526475,1511777,2273430,1223810,1049620,408976,205098,203878,11096,5622,5474,1354632,902704,451928,1173902,180730,1683620,92719,372828,47293,841792
624,TAMIL NADU,Theni,1245899,625683,620216,870080,479403,390677,258200,129900,128300,1835,954,881,591642,368900,222742,530591,61051,654257,38367,315161,14939,223175
625,TAMIL NADU,Virudhunagar,1942288,967709,974579,1398788,760375,638413,399831,198704,201127,2294,1182,1112,950158,579111,371047,854066,96092,992130,57153,208702,35298,649005
626,TAMIL NADU,Ramanathapuram,1353445,682658,670787,978946,536487,442459,249008,125015,123993,1105,559,546,602977,392751,210226,486150,116827,750468,173767,153874,25228,250108
627,TAMIL NADU,Thoothukkudi,1750176,865021,885155,1349697,703106,646591,347895,172663,175232,4911,2466,2445,748095,503727,244368,657447,90648,1002081,48515,200644,22863,476073
628,TAMIL NADU,Tirunelveli,3077233,1520912,1556321,2273457,1210710,1062747,569714,279570,290144,10270,5109,5161,1436454,876175,560279,1271407,165047,1640779,115715,379763,239664,701312
629,TAMIL NADU,Kanniyakumari,1870374,926345,944029,1548738,780541,768197,74249,36817,37432,7282,3554,3728,679620,524629,154991,552658,126962,1190754,15610,72867,35789,555354
630,TAMIL NADU,Dharmapuri,1506843,774303,732540,917709,527599,390110,245392,124706,120686,63044,32130,30914,751170,446057,305113,652996,98174,755673,201328,267345,15341,267156
631,TAMIL NADU,Krishnagiri,1879809,960232,919577,1187958,667062,520896,267386,135474,131912,22388,11419,10969,877779,561634,316145,742001,135778,1002030,236038,263328,21918,356495
632,TAMIL NADU,Coimbatore,3458045,1729297,1728748,2635907,1394790,1241117,535911,266960,268951,28342,14245,14097,1567950,1083125,484825,1443252,124698,1890095,80217,230026,50085,1207622
633,TAMIL NADU,Tiruppur,2479052,1246159,1232893,1760566,959623,800943,395876,196907,198969,5458,2740,2718,1266137,819783,446354,1168596,97541,1212915,135817,246333,40988,842999
634,PONDICHERRY,Yanam,55626,27301,28325,39274,19919,19355,8427,4100,4327,0,0,0,16760,14047,2713,15373,1387,38866,291,3324,146,12999
635,PONDICHERRY,PONDICHERRY,950289,468258,482031,726649,380946,345703,152406,74129,78277,0,0,0,348105,256652,91453,315570,32535,602184,9393,51908,6350,280454
636,PONDICHERRY,Mahe,41816,19143,22673,36470,16610,19860,144,77,67,0,0,0,11802,9093,2709,10404,1398,30014,43,82,69,11608
637,PONDICHERRY,Karaikal,200222,97809,102413,154916,79903,75013,35348,17206,18142,0,0,0,68301,53139,15162,58342,9959,131921,2372,13077,1327,51525
638,ANDAMAN AND NICOBAR ISLANDS,Nicobars,36842,20727,16115,25332,15397,9935,0,0,0,23681,12198,11483,17125,12714,4411,9651,7474,19717,322,242,2560,14001
639,ANDAMAN AND NICOBAR ISLANDS,North  AND Middle Andaman,105597,54861,50736,78683,43186,35497,0,0,0,758,415,343,38579,30612,7967,31038,7541,67018,10727,1915,260,25677
640,ANDAMAN AND NICOBAR ISLANDS,South Andaman,238142,127283,110859,190266,105794,84472,0,0,0,4091,2118,1973,96831,77563,19268,85221,11610,141311,5518,2624,907,87782
